0 19828 
1 16292 
2 4113 
3 1717 
4 19804 
5 23466 
6 5627 
7 15258 
8 5964 
9 22611 
10 563 
11 23112 
12 7031 
13 19874 
14 12309 
15 19137 
16 2262 
17 16079 
18 4482 
19 11650 
20 2419 
21 3675 
22 2005 
23 17716 
24 17766 
25 19846 
26 22091 
27 6299 
28 11047 
29 4320 
30 17528 
31 6074 
32 15103 
33 22759 
34 19931 
35 18959 
36 8336 
37 1837 
38 23888 
39 3976 
40 5391 
41 1436 
42 488 
43 8414 
44 12411 
45 22132 
46 12018 
47 10123 
48 2542 
49 23554 
50 11201 
51 4629 
52 2868 
53 8538 
54 14662 
55 3187 
56 17845 
57 17179 
58 15589 
59 12158 
60 15365 
61 8402 
62 21712 
63 22751 
64 10609 
65 10605 
66 15535 
67 18642 
68 18072 
69 15602 
70 12704 
71 15172 
72 9190 
73 5998 
74 4143 
75 10443 
76 23999 
77 7166 
78 531 
79 12518 
80 23613 
81 11258 
82 5916 
83 15774 
84 12407 
85 21515 
86 19331 
87 6727 
88 13607 
89 16131 
90 102 
91 11534 
92 11873 
93 2743 
94 21082 
95 2950 
96 23123 
97 17062 
98 20683 
99 10436 
100 13006 
101 13353 
102 12291 
103 22696 
104 11181 
105 11224 
106 7372 
107 18314 
108 21765 
109 22942 
110 22665 
111 4089 
112 12506 
113 5141 
114 9635 
115 7931 
116 11274 
117 7418 
118 2443 
119 14062 
120 3378 
121 19956 
122 14825 
123 7483 
124 21846 
125 23047 
126 5562 
127 12861 
128 12465 
129 13058 
130 23328 
131 14407 
132 1886 
133 7609 
134 19906 
135 16871 
136 23553 
137 15907 
138 11309 
139 22312 
140 8956 
141 23160 
142 3334 
143 19049 
144 22921 
145 23783 
146 21064 
147 2392 
148 5083 
149 16208 
150 13498 
151 7593 
152 3303 
153 4378 
154 10723 
155 10049 
156 1163 
157 17363 
158 1113 
159 17344 
160 15885 
161 14784 
162 17763 
163 21615 
164 2910 
165 910 
166 1958 
167 3336 
168 17914 
169 15013 
170 13187 
171 22753 
172 11438 
173 7733 
174 19559 
175 8166 
176 8890 
177 21789 
178 7528 
179 2966 
180 18575 
181 22469 
182 21184 
183 23382 
184 11988 
185 5426 
186 4214 
187 2621 
188 18399 
189 12805 
190 11167 
191 6772 
192 15262 
193 23238 
194 8234 
195 6542 
196 7283 
197 3051 
198 7449 
199 6063 
200 6658 
201 3707 
202 5837 
203 10287 
204 22891 
205 1222 
206 2252 
207 15819 
208 20613 
209 6336 
210 12676 
211 6840 
212 4662 
213 17825 
214 3315 
215 17157 
216 5344 
217 12067 
218 16865 
219 13921 
220 8912 
221 1356 
222 1946 
223 12512 
224 12219 
225 1879 
226 17272 
227 18125 
228 21826 
229 8724 
230 23353 
231 5804 
232 12799 
233 1903 
234 15806 
235 22387 
236 10097 
237 7294 
238 22161 
239 3095 
240 14388 
241 23429 
242 19790 
243 13973 
244 15707 
245 12464 
246 1709 
247 6602 
248 15816 
249 13507 
250 20079 
251 4708 
252 6101 
253 2857 
254 21008 
255 4883 
256 1553 
257 21139 
258 13852 
259 4881 
260 17199 
261 21068 
262 3486 
263 463 
264 18720 
265 18452 
266 8932 
267 20639 
268 4580 
269 4093 
270 4606 
271 15514 
272 21966 
273 7051 
274 15887 
275 9087 
276 3615 
277 6568 
278 23236 
279 4053 
280 374 
281 1840 
282 13021 
283 13819 
284 21306 
285 19711 
286 241 
287 14331 
288 12839 
289 21610 
290 19375 
291 482 
292 2557 
293 8899 
294 3422 
295 18048 
296 10267 
297 11074 
298 10470 
299 13348 
300 9009 
301 5854 
302 23971 
303 23949 
304 14422 
305 21155 
306 1058 
307 15329 
308 9019 
309 5096 
310 169 
311 22042 
312 11986 
313 21374 
314 14496 
315 23746 
316 19466 
317 2216 
318 11956 
319 10338 
320 16584 
321 10717 
322 1395 
323 23521 
324 20348 
325 3524 
326 21547 
327 16646 
328 9785 
329 5957 
330 23868 
331 9999 
332 10995 
333 13271 
334 12323 
335 72 
336 1596 
337 19614 
338 12962 
339 4571 
340 1586 
341 11969 
342 19189 
343 1342 
344 23683 
345 21114 
346 15632 
347 2751 
348 20749 
349 14136 
350 14468 
351 15176 
352 16391 
353 16863 
354 20377 
355 23242 
356 10982 
357 23379 
358 13714 
359 22649 
360 2212 
361 5649 
362 7521 
363 5670 
364 967 
365 7486 
366 5760 
367 1147 
368 17921 
369 4281 
370 15621 
371 14563 
372 14477 
373 16614 
374 6200 
375 16176 
376 22046 
377 12642 
378 3106 
379 4478 
380 23152 
381 2503 
382 6852 
383 16436 
384 7747 
385 20070 
386 310 
387 11777 
388 5617 
389 23011 
390 3607 
391 15872 
392 14702 
393 12250 
394 6540 
395 663 
396 1053 
397 5991 
398 9812 
399 7547 
400 10811 
401 3261 
402 18797 
403 4488 
404 17163 
405 7935 
406 18936 
407 13344 
408 2687 
409 11701 
410 5552 
411 4895 
412 8260 
413 17527 
414 4002 
415 12537 
416 201 
417 4784 
418 709 
419 13798 
420 16290 
421 20155 
422 12196 
423 20505 
424 19320 
425 9076 
426 14833 
427 22567 
428 9881 
429 1618 
430 3727 
431 368 
432 4219 
433 2288 
434 20710 
435 14881 
436 20891 
437 20919 
438 7389 
439 13055 
440 1416 
441 15828 
442 8598 
443 14916 
444 10672 
445 17444 
446 20924 
447 8584 
448 23101 
449 1104 
450 14682 
451 9036 
452 848 
453 14689 
454 12347 
455 20549 
456 7756 
457 7184 
458 19277 
459 17152 
460 20394 
461 5098 
462 1923 
463 8491 
464 14478 
465 14780 
466 2179 
467 17945 
468 1870 
469 6776 
470 4036 
471 20437 
472 3891 
473 21858 
474 10623 
475 19300 
476 16310 
477 15951 
478 5168 
479 22722 
480 14841 
481 21266 
482 20610 
483 17971 
484 1215 
485 22418 
486 19106 
487 15528 
488 5086 
489 9083 
490 10902 
491 20457 
492 1017 
493 21134 
494 13462 
495 16136 
496 10155 
497 6820 
498 3383 
499 12578 
500 16472 
501 22563 
502 3137 
503 16603 
504 19816 
505 13611 
506 5650 
507 16500 
508 18201 
509 9314 
510 22317 
511 12231 
512 829 
513 23307 
514 18633 
515 19788 
516 17301 
517 19885 
518 1367 
519 4487 
520 7854 
521 2763 
522 2682 
523 16645 
524 16293 
525 13708 
526 10231 
527 23582 
528 11396 
529 5444 
530 18093 
531 23645 
532 15274 
533 11492 
534 20344 
535 2899 
536 17489 
537 15968 
538 2328 
539 2013 
540 11746 
541 4526 
542 5544 
543 1243 
544 23498 
545 2264 
546 23902 
547 13595 
548 3650 
549 1246 
550 15360 
551 2147 
552 6432 
553 12416 
554 1122 
555 4735 
556 10785 
557 15746 
558 1103 
559 21437 
560 12524 
561 15923 
562 5548 
563 10935 
564 12691 
565 20838 
566 14757 
567 15229 
568 22108 
569 22185 
570 11072 
571 17294 
572 9279 
573 11520 
574 21100 
575 18035 
576 7762 
577 13646 
578 14224 
579 12058 
580 18118 
581 16774 
582 689 
583 5858 
584 22177 
585 19625 
586 17523 
587 9932 
588 3509 
589 4131 
590 20914 
591 1530 
592 14903 
593 22584 
594 8016 
595 6990 
596 20281 
597 7751 
598 19715 
599 7466 
600 20935 
601 11581 
602 7978 
603 18586 
604 20450 
605 1388 
606 4576 
607 21694 
608 6121 
609 17939 
610 14892 
611 10556 
612 2767 
613 11091 
614 22703 
615 11204 
616 8150 
617 10582 
618 11107 
619 1019 
620 697 
621 10654 
622 18602 
623 4819 
624 15546 
625 12131 
626 9039 
627 23636 
628 22002 
629 10999 
630 3906 
631 4481 
632 14699 
633 7834 
634 21104 
635 9822 
636 3007 
637 3436 
638 20889 
639 22817 
640 12064 
641 4807 
642 21639 
643 20756 
644 332 
645 5416 
646 21472 
647 12021 
648 5653 
649 20219 
650 20092 
651 15424 
652 2387 
653 579 
654 7133 
655 4838 
656 14665 
657 2368 
658 9180 
659 5638 
660 5129 
661 2159 
662 16601 
663 133 
664 6670 
665 14483 
666 59 
667 12874 
668 19650 
669 5849 
670 9093 
671 8617 
672 13769 
673 979 
674 1109 
675 6038 
676 3653 
677 461 
678 3559 
679 11550 
680 11076 
681 14979 
682 13649 
683 18801 
684 5387 
685 587 
686 15026 
687 13996 
688 8663 
689 18488 
690 23094 
691 2266 
692 12202 
693 5510 
694 23862 
695 9972 
696 13211 
697 6656 
698 9278 
699 21790 
700 6544 
701 8601 
702 18872 
703 1681 
704 19598 
705 10693 
706 7635 
707 5825 
708 9126 
709 18434 
710 15874 
711 4830 
712 3001 
713 6199 
714 22450 
715 17711 
716 15944 
717 16046 
718 744 
719 5001 
720 6328 
721 5281 
722 8495 
723 19787 
724 9709 
725 1483 
726 1657 
727 14058 
728 11233 
729 21407 
730 17249 
731 21888 
732 4136 
733 16551 
734 23926 
735 5038 
736 23084 
737 18874 
738 5985 
739 23530 
740 19003 
741 14296 
742 10588 
743 9406 
744 9382 
745 3353 
746 21882 
747 16017 
748 16218 
749 5243 
750 6103 
751 7500 
752 17563 
753 21199 
754 11123 
755 11476 
756 18852 
757 23409 
758 22702 
759 11535 
760 14538 
761 13552 
762 21863 
763 22333 
764 15640 
765 8526 
766 23246 
767 12707 
768 2837 
769 1979 
770 642 
771 12000 
772 7199 
773 5151 
774 187 
775 23769 
776 19501 
777 8480 
778 10489 
779 7844 
780 20981 
781 6176 
782 20402 
783 23399 
784 7013 
785 13359 
786 2394 
787 16736 
788 19672 
789 13268 
790 10959 
791 9481 
792 12926 
793 15607 
794 5306 
795 890 
796 4619 
797 7165 
798 9029 
799 15824 
800 3366 
801 18659 
802 23588 
803 2184 
804 14030 
805 11815 
806 21312 
807 466 
808 8493 
809 2408 
810 1324 
811 5945 
812 577 
813 9136 
814 12333 
815 14656 
816 20179 
817 3678 
818 520 
819 5807 
820 13022 
821 14258 
822 11511 
823 22761 
824 1336 
825 23102 
826 8460 
827 8055 
828 14467 
829 1068 
830 843 
831 18748 
832 10872 
833 17160 
834 7597 
835 23070 
836 6456 
837 12327 
838 8678 
839 5934 
840 6616 
841 12437 
842 23800 
843 311 
844 15954 
845 16250 
846 2903 
847 13413 
848 9858 
849 19392 
850 7279 
851 833 
852 15730 
853 21517 
854 12732 
855 8063 
856 12904 
857 11394 
858 23366 
859 5961 
860 10880 
861 22112 
862 6722 
863 18068 
864 5835 
865 10450 
866 1793 
867 21819 
868 18078 
869 10045 
870 4665 
871 16471 
872 20381 
873 13385 
874 12583 
875 1939 
876 14246 
877 19704 
878 3855 
879 17315 
880 19498 
881 7090 
882 1949 
883 8132 
884 1480 
885 1580 
886 23803 
887 3786 
888 2908 
889 21164 
890 19867 
891 8690 
892 2298 
893 15401 
894 3773 
895 14890 
896 18944 
897 17792 
898 3900 
899 5383 
900 6486 
901 20905 
902 11923 
903 1852 
904 20530 
905 12383 
906 19665 
907 8886 
908 3296 
909 9703 
910 9553 
911 11998 
912 6756 
913 18514 
914 1599 
915 1183 
916 20495 
917 11894 
918 13870 
919 14251 
920 659 
921 5647 
922 7992 
923 11247 
924 5199 
925 13216 
926 23589 
927 9706 
928 19214 
929 7110 
930 7660 
931 10779 
932 9155 
933 10005 
934 9203 
935 3125 
936 6379 
937 14460 
938 9940 
939 3061 
940 6194 
941 23764 
942 14038 
943 5305 
944 7323 
945 2637 
946 4684 
947 16158 
948 11560 
949 10202 
950 10477 
951 16451 
952 2826 
953 8057 
954 13960 
955 18577 
956 5902 
957 14449 
958 948 
959 14314 
960 10993 
961 11749 
962 21042 
963 12906 
964 16801 
965 10853 
966 2391 
967 20913 
968 7194 
969 8281 
970 16462 
971 3780 
972 13918 
973 10678 
974 20586 
975 7586 
976 17328 
977 2526 
978 12326 
979 10140 
980 17595 
981 14237 
982 1275 
983 11747 
984 8168 
985 14635 
986 5037 
987 22336 
988 23095 
989 21950 
990 1731 
991 18449 
992 13743 
993 10610 
994 22964 
995 21508 
996 22167 
997 10225 
998 1769 
999 4495 
1000 21939 
1001 3620 
1002 21076 
1003 18410 
1004 8880 
1005 4041 
1006 11019 
1007 9045 
1008 3243 
1009 7476 
1010 7439 
1011 3387 
1012 17576 
1013 4528 
1014 13306 
1015 19862 
1016 17785 
1017 14927 
1018 5907 
1019 10782 
1020 443 
1021 21203 
1022 4980 
1023 15659 
1024 12218 
1025 17922 
1026 6294 
1027 681 
1028 21938 
1029 12728 
1030 23753 
1031 14311 
1032 8377 
1033 5221 
1034 7514 
1035 18893 
1036 7713 
1037 20602 
1038 12260 
1039 22136 
1040 23052 
1041 9034 
1042 19060 
1043 1354 
1044 6555 
1045 8582 
1046 11640 
1047 3542 
1048 17997 
1049 13928 
1050 18101 
1051 2923 
1052 6610 
1053 18013 
1054 15286 
1055 1438 
1056 12980 
1057 10886 
1058 3202 
1059 5832 
1060 16781 
1061 9331 
1062 15117 
1063 15461 
1064 6771 
1065 19863 
1066 7641 
1067 1983 
1068 5937 
1069 13694 
1070 8972 
1071 1576 
1072 17416 
1073 10530 
1074 11702 
1075 21948 
1076 12375 
1077 10992 
1078 13822 
1079 9577 
1080 21645 
1081 19301 
1082 21794 
1083 7801 
1084 19426 
1085 17984 
1086 712 
1087 6164 
1088 10126 
1089 20894 
1090 14642 
1091 20927 
1092 12352 
1093 5923 
1094 4900 
1095 23022 
1096 10893 
1097 17098 
1098 13259 
1099 12476 
1100 10402 
1101 7802 
1102 668 
1103 2059 
1104 14498 
1105 11843 
1106 22197 
1107 1697 
1108 17589 
1109 4395 
1110 14764 
1111 9427 
1112 19055 
1113 12136 
1114 10981 
1115 16958 
1116 13479 
1117 21325 
1118 14125 
1119 4719 
1120 21579 
1121 10192 
1122 4745 
1123 424 
1124 17076 
1125 11433 
1126 13985 
1127 19635 
1128 10557 
1129 3531 
1130 18992 
1131 12791 
1132 7755 
1133 21976 
1134 6620 
1135 16175 
1136 17771 
1137 14457 
1138 6080 
1139 19453 
1140 20496 
1141 20802 
1142 18202 
1143 3905 
1144 17123 
1145 6244 
1146 6868 
1147 18253 
1148 21973 
1149 3754 
1150 6566 
1151 691 
1152 287 
1153 3822 
1154 22625 
1155 23518 
1156 22173 
1157 16477 
1158 13674 
1159 9542 
1160 22742 
1161 9125 
1162 13531 
1163 17758 
1164 5139 
1165 21479 
1166 1827 
1167 8387 
1168 7664 
1169 16262 
1170 6487 
1171 14495 
1172 22041 
1173 14786 
1174 9415 
1175 16260 
1176 16461 
1177 1603 
1178 17253 
1179 21805 
1180 455 
1181 6643 
1182 2135 
1183 6689 
1184 4333 
1185 12001 
1186 4602 
1187 8691 
1188 3696 
1189 10498 
1190 9647 
1191 4968 
1192 16933 
1193 17796 
1194 6134 
1195 17133 
1196 22917 
1197 16824 
1198 23995 
1199 624 
1200 16701 
1201 18927 
1202 21569 
1203 17954 
1204 21483 
1205 16578 
1206 1614 
1207 10008 
1208 5600 
1209 17960 
1210 8267 
1211 13179 
1212 15961 
1213 16431 
1214 14716 
1215 5219 
1216 14521 
1217 20829 
1218 11261 
1219 22746 
1220 2765 
1221 939 
1222 15909 
1223 22591 
1224 18765 
1225 14574 
1226 4947 
1227 21625 
1228 12570 
1229 12958 
1230 23775 
1231 16535 
1232 14910 
1233 20116 
1234 3513 
1235 10835 
1236 10637 
1237 21970 
1238 12907 
1239 16522 
1240 19574 
1241 6423 
1242 2057 
1243 18950 
1244 22070 
1245 612 
1246 15259 
1247 3911 
1248 5349 
1249 4519 
1250 15154 
1251 17839 
1252 11416 
1253 9538 
1254 13634 
1255 11042 
1256 4 
1257 22456 
1258 15733 
1259 19438 
1260 1505 
1261 9810 
1262 6872 
1263 21812 
1264 8603 
1265 13784 
1266 10480 
1267 19999 
1268 611 
1269 1231 
1270 19820 
1271 21884 
1272 11672 
1273 6391 
1274 14386 
1275 13456 
1276 10626 
1277 17166 
1278 16213 
1279 23470 
1280 7519 
1281 7306 
1282 18770 
1283 16874 
1284 5633 
1285 8137 
1286 16822 
1287 19548 
1288 23385 
1289 194 
1290 545 
1291 12188 
1292 14886 
1293 13057 
1294 16649 
1295 3071 
1296 17657 
1297 7760 
1298 21170 
1299 2450 
1300 9407 
1301 12054 
1302 18032 
1303 1345 
1304 14500 
1305 8870 
1306 12568 
1307 9127 
1308 23737 
1309 2811 
1310 13782 
1311 865 
1312 15946 
1313 21614 
1314 1810 
1315 4484 
1316 14031 
1317 7470 
1318 18245 
1319 23329 
1320 2898 
1321 17896 
1322 2939 
1323 172 
1324 22717 
1325 5317 
1326 13412 
1327 3962 
1328 9179 
1329 4933 
1330 21754 
1331 1337 
1332 14677 
1333 19946 
1334 5363 
1335 9748 
1336 19475 
1337 13245 
1338 2986 
1339 3107 
1340 17572 
1341 16272 
1342 4601 
1343 859 
1344 9931 
1345 11017 
1346 1698 
1347 860 
1348 20205 
1349 9962 
1350 17024 
1351 19691 
1352 10950 
1353 21603 
1354 23187 
1355 2246 
1356 10971 
1357 3433 
1358 19562 
1359 7406 
1360 1033 
1361 6115 
1362 21561 
1363 4296 
1364 23587 
1365 10244 
1366 17734 
1367 867 
1368 1197 
1369 9760 
1370 22700 
1371 14033 
1372 18111 
1373 23789 
1374 6782 
1375 16228 
1376 17085 
1377 1796 
1378 9893 
1379 20951 
1380 6866 
1381 10481 
1382 8947 
1383 23948 
1384 1476 
1385 12370 
1386 11291 
1387 23282 
1388 8290 
1389 13109 
1390 3942 
1391 4593 
1392 2779 
1393 21743 
1394 20987 
1395 2907 
1396 23818 
1397 8829 
1398 13420 
1399 19516 
1400 20754 
1401 10435 
1402 13886 
1403 16278 
1404 1498 
1405 15863 
1406 17836 
1407 2821 
1408 18970 
1409 16021 
1410 8914 
1411 4860 
1412 20353 
1413 12643 
1414 23708 
1415 55 
1416 16008 
1417 3455 
1418 8514 
1419 2716 
1420 17739 
1421 9501 
1422 23354 
1423 14216 
1424 13465 
1425 1130 
1426 12258 
1427 5093 
1428 16220 
1429 16543 
1430 889 
1431 1823 
1432 63 
1433 5847 
1434 17189 
1435 18932 
1436 4609 
1437 9099 
1438 15962 
1439 9196 
1440 23017 
1441 230 
1442 12701 
1443 11336 
1444 13184 
1445 14168 
1446 3972 
1447 6842 
1448 7575 
1449 23495 
1450 15595 
1451 22851 
1452 14072 
1453 12042 
1454 18016 
1455 9646 
1456 18700 
1457 9119 
1458 510 
1459 16804 
1460 3298 
1461 22863 
1462 2633 
1463 21036 
1464 21609 
1465 17889 
1466 3228 
1467 1722 
1468 5029 
1469 22521 
1470 16487 
1471 9188 
1472 193 
1473 8327 
1474 5183 
1475 5587 
1476 11033 
1477 16055 
1478 21417 
1479 21380 
1480 21825 
1481 11227 
1482 2947 
1483 2654 
1484 537 
1485 18675 
1486 11754 
1487 914 
1488 10821 
1489 2959 
1490 13947 
1491 11582 
1492 9349 
1493 6543 
1494 2772 
1495 11557 
1496 19980 
1497 5061 
1498 12769 
1499 17358 
1500 16054 
1501 15930 
1502 9343 
1503 23979 
1504 7151 
1505 11887 
1506 12402 
1507 2975 
1508 6909 
1509 13260 
1510 3402 
1511 6042 
1512 1394 
1513 1547 
1514 4529 
1515 14608 
1516 23816 
1517 11710 
1518 14 
1519 6319 
1520 22472 
1521 657 
1522 5803 
1523 23108 
1524 13311 
1525 8689 
1526 6256 
1527 467 
1528 11537 
1529 13919 
1530 20188 
1531 3721 
1532 16080 
1533 22355 
1534 8472 
1535 12637 
1536 1347 
1537 9662 
1538 12152 
1539 12254 
1540 11549 
1541 17759 
1542 14244 
1543 21094 
1544 17663 
1545 23585 
1546 9051 
1547 19186 
1548 13644 
1549 16041 
1550 22113 
1551 22785 
1552 22554 
1553 8819 
1554 22901 
1555 13061 
1556 20515 
1557 7014 
1558 18088 
1559 4584 
1560 8574 
1561 737 
1562 23686 
1563 22650 
1564 23372 
1565 3638 
1566 20168 
1567 3929 
1568 16642 
1569 13917 
1570 14472 
1571 16345 
1572 6143 
1573 9131 
1574 13162 
1575 406 
1576 13434 
1577 5011 
1578 7497 
1579 16036 
1580 17213 
1581 2608 
1582 23968 
1583 22261 
1584 9740 
1585 2854 
1586 12341 
1587 5642 
1588 887 
1589 18925 
1590 117 
1591 13119 
1592 10703 
1593 15125 
1594 19753 
1595 1089 
1596 13369 
1597 22880 
1598 17673 
1599 9671 
1600 8536 
1601 2764 
1602 21489 
1603 22537 
1604 7948 
1605 18547 
1606 13212 
1607 17228 
1608 22369 
1609 19720 
1610 15482 
1611 20191 
1612 284 
1613 5412 
1614 23488 
1615 16889 
1616 20774 
1617 23287 
1618 5031 
1619 2810 
1620 15541 
1621 10106 
1622 3033 
1623 11632 
1624 17916 
1625 19998 
1626 4873 
1627 22678 
1628 6559 
1629 4056 
1630 12908 
1631 23810 
1632 22125 
1633 756 
1634 10251 
1635 16955 
1636 19102 
1637 21903 
1638 12037 
1639 16982 
1640 13584 
1641 12645 
1642 11835 
1643 8118 
1644 21923 
1645 18994 
1646 4289 
1647 3319 
1648 11383 
1649 6278 
1650 19901 
1651 21107 
1652 3446 
1653 21224 
1654 4712 
1655 19500 
1656 17429 
1657 17222 
1658 8763 
1659 18436 
1660 20121 
1661 4664 
1662 7077 
1663 3867 
1664 12061 
1665 14961 
1666 19576 
1667 7764 
1668 21752 
1669 12110 
1670 20388 
1671 7223 
1672 23115 
1673 8596 
1674 10757 
1675 10466 
1676 14932 
1677 306 
1678 12041 
1679 508 
1680 21204 
1681 21425 
1682 7837 
1683 13419 
1684 9157 
1685 13733 
1686 13408 
1687 10747 
1688 3308 
1689 15963 
1690 17039 
1691 19972 
1692 5283 
1693 3499 
1694 17218 
1695 4681 
1696 15192 
1697 2838 
1698 19597 
1699 19152 
1700 11388 
1701 9627 
1702 22686 
1703 6185 
1704 17401 
1705 9447 
1706 14522 
1707 14996 
1708 3588 
1709 20273 
1710 12192 
1711 12766 
1712 8547 
1713 20103 
1714 4802 
1715 5865 
1716 14384 
1717 23559 
1718 11285 
1719 14595 
1720 16682 
1721 21998 
1722 20503 
1723 1136 
1724 12497 
1725 2047 
1726 13286 
1727 12223 
1728 10898 
1729 22140 
1730 13069 
1731 13258 
1732 10769 
1733 23790 
1734 554 
1735 13848 
1736 17541 
1737 4677 
1738 20855 
1739 23024 
1740 10405 
1741 9224 
1742 11449 
1743 20317 
1744 8992 
1745 15256 
1746 7741 
1747 1447 
1748 19534 
1749 13655 
1750 7754 
1751 14431 
1752 3011 
1753 11714 
1754 10406 
1755 16322 
1756 10631 
1757 18435 
1758 2607 
1759 17066 
1760 22881 
1761 22341 
1762 17974 
1763 7309 
1764 1546 
1765 23035 
1766 19631 
1767 17816 
1768 27 
1769 5712 
1770 13352 
1771 2658 
1772 5041 
1773 20608 
1774 17943 
1775 42 
1776 16186 
1777 19959 
1778 7658 
1779 13626 
1780 11343 
1781 22217 
1782 6458 
1783 16972 
1784 13140 
1785 17033 
1786 1128 
1787 13582 
1788 12026 
1789 16408 
1790 4597 
1791 23064 
1792 23339 
1793 253 
1794 6388 
1795 23796 
1796 20900 
1797 22701 
1798 2026 
1799 10607 
1800 4912 
1801 18998 
1802 22681 
1803 7353 
1804 17701 
1805 12819 
1806 23771 
1807 22934 
1808 10147 
1809 8874 
1810 5830 
1811 4120 
1812 5976 
1813 16693 
1814 23693 
1815 23343 
1816 1904 
1817 3300 
1818 2960 
1819 21345 
1820 3321 
1821 1683 
1822 22395 
1823 15054 
1824 6851 
1825 2045 
1826 23407 
1827 15366 
1828 1167 
1829 5154 
1830 3835 
1831 9524 
1832 7921 
1833 7108 
1834 22566 
1835 14954 
1836 11198 
1837 15296 
1838 4566 
1839 5357 
1840 8401 
1841 16196 
1842 5613 
1843 7907 
1844 15574 
1845 706 
1846 3750 
1847 14089 
1848 6857 
1849 16817 
1850 2720 
1851 16916 
1852 13832 
1853 10617 
1854 20075 
1855 3193 
1856 22390 
1857 21785 
1858 784 
1859 19138 
1860 10131 
1861 4943 
1862 6694 
1863 14549 
1864 9484 
1865 19383 
1866 22278 
1867 23850 
1868 2864 
1869 14074 
1870 394 
1871 19689 
1872 4255 
1873 15667 
1874 8927 
1875 9434 
1876 8795 
1877 14783 
1878 21601 
1879 14772 
1880 1817 
1881 10543 
1882 5893 
1883 14155 
1884 20125 
1885 12628 
1886 20478 
1887 21909 
1888 9408 
1889 17558 
1890 16394 
1891 9494 
1892 19882 
1893 11945 
1894 1806 
1895 19182 
1896 18446 
1897 20529 
1898 7233 
1899 11645 
1900 11934 
1901 20109 
1902 7000 
1903 10447 
1904 8985 
1905 5621 
1906 2113 
1907 19067 
1908 17121 
1909 13592 
1910 19592 
1911 13746 
1912 5948 
1913 3253 
1914 10310 
1915 15759 
1916 15121 
1917 15032 
1918 2100 
1919 13525 
1920 1896 
1921 15111 
1922 13890 
1923 15299 
1924 20986 
1925 23864 
1926 4221 
1927 14037 
1928 2090 
1929 12292 
1930 13812 
1931 14077 
1932 11982 
1933 18971 
1934 14640 
1935 1271 
1936 16945 
1937 5474 
1938 20669 
1939 19378 
1940 13723 
1941 7044 
1942 21977 
1943 20310 
1944 21411 
1945 3388 
1946 2733 
1947 10546 
1948 6831 
1949 8503 
1950 18369 
1951 4434 
1952 23759 
1953 11619 
1954 3479 
1955 8804 
1956 12101 
1957 628 
1958 9404 
1959 18709 
1960 20009 
1961 16739 
1962 1011 
1963 1834 
1964 20612 
1965 19762 
1966 1819 
1967 14698 
1968 18267 
1969 12319 
1970 3640 
1971 18691 
1972 20206 
1973 8529 
1974 22977 
1975 22006 
1976 15422 
1977 19638 
1978 18307 
1979 6255 
1980 17881 
1981 6008 
1982 14891 
1983 9551 
1984 15676 
1985 10784 
1986 17116 
1987 17252 
1988 23664 
1989 15163 
1990 16752 
1991 17747 
1992 17368 
1993 489 
1994 18020 
1995 22377 
1996 20045 
1997 12954 
1998 4292 
1999 11801 
2000 17853 
2001 15022 
2002 20597 
2003 3055 
2004 10161 
2005 10583 
2006 21232 
2007 20295 
2008 14394 
2009 13728 
2010 8699 
2011 13718 
2012 3628 
2013 1822 
2014 1420 
2015 9673 
2016 16656 
2017 10608 
2018 17332 
2019 5131 
2020 18172 
2021 1848 
2022 2440 
2023 6335 
2024 1313 
2025 20648 
2026 15859 
2027 11100 
2028 5146 
2029 15615 
2030 7062 
2031 2484 
2032 17966 
2033 4366 
2034 6683 
2035 7568 
2036 19547 
2037 11957 
2038 7503 
2039 8004 
2040 10235 
2041 18515 
2042 471 
2043 6135 
2044 5370 
2045 264 
2046 23566 
2047 5912 
2048 8030 
2049 9410 
2050 13376 
2051 3204 
2052 6797 
2053 10206 
2054 20999 
2055 8175 
2056 13608 
2057 3260 
2058 19407 
2059 18043 
2060 17356 
2061 17863 
2062 6418 
2063 16632 
2064 10327 
2065 13971 
2066 22001 
2067 8048 
2068 19428 
2069 18623 
2070 1929 
2071 22331 
2072 8588 
2073 23436 
2074 19230 
2075 6665 
2076 12604 
2077 14926 
2078 18676 
2079 18230 
2080 4260 
2081 19290 
2082 4458 
2083 20369 
2084 1560 
2085 2935 
2086 2181 
2087 15468 
2088 250 
2089 4539 
2090 8677 
2091 9240 
2092 2248 
2093 15428 
2094 16206 
2095 9401 
2096 11639 
2097 4806 
2098 23844 
2099 616 
2100 14743 
2101 7852 
2102 23490 
2103 9541 
2104 1227 
2105 17405 
2106 18849 
2107 22520 
2108 2445 
2109 23318 
2110 17644 
2111 3494 
2112 14121 
2113 13080 
2114 4114 
2115 16386 
2116 23805 
2117 10168 
2118 19284 
2119 9235 
2120 12195 
2121 21335 
2122 13662 
2123 18821 
2124 20279 
2125 17050 
2126 2275 
2127 3839 
2128 14014 
2129 18890 
2130 2399 
2131 21377 
2132 12608 
2133 21964 
2134 11589 
2135 6754 
2136 20668 
2137 20583 
2138 23424 
2139 7021 
2140 11381 
2141 1741 
2142 16094 
2143 20429 
2144 21152 
2145 11837 
2146 2332 
2147 10519 
2148 12056 
2149 8441 
2150 5575 
2151 16506 
2152 2884 
2153 8713 
2154 21844 
2155 6535 
2156 2412 
2157 18544 
2158 12006 
2159 4105 
2160 11647 
2161 19307 
2162 9170 
2163 15729 
2164 11353 
2165 12284 
2166 6966 
2167 12658 
2168 7704 
2169 19983 
2170 22838 
2171 12469 
2172 20334 
2173 20748 
2174 22734 
2175 7684 
2176 22346 
2177 17014 
2178 18822 
2179 23989 
2180 15791 
2181 5257 
2182 17503 
2183 7408 
2184 10958 
2185 13948 
2186 5719 
2187 5857 
2188 19750 
2189 10500 
2190 22463 
2191 21458 
2192 6816 
2193 5639 
2194 20918 
2195 22465 
2196 10487 
2197 5967 
2198 3902 
2199 21383 
2200 5263 
2201 10507 
2202 15354 
2203 3431 
2204 5222 
2205 16545 
2206 6934 
2207 131 
2208 7188 
2209 23814 
2210 13070 
2211 20812 
2212 7130 
2213 2307 
2214 1585 
2215 16529 
2216 4463 
2217 3492 
2218 18152 
2219 22038 
2220 14426 
2221 14002 
2222 8616 
2223 17820 
2224 6641 
2225 22123 
2226 6390 
2227 6217 
2228 16789 
2229 21865 
2230 2355 
2231 6502 
2232 20364 
2233 12093 
2234 21981 
2235 14639 
2236 11398 
2237 20946 
2238 11805 
2239 22224 
2240 17585 
2241 19441 
2242 7429 
2243 353 
2244 2839 
2245 9396 
2246 22203 
2247 22233 
2248 16011 
2249 4781 
2250 5027 
2251 1853 
2252 10262 
2253 9565 
2254 23202 
2255 14953 
2256 18964 
2257 8422 
2258 23349 
2259 5645 
2260 15499 
2261 14729 
2262 22727 
2263 17073 
2264 13510 
2265 7430 
2266 13924 
2267 6282 
2268 22806 
2269 3662 
2270 19040 
2271 23475 
2272 23046 
2273 11320 
2274 3668 
2275 14204 
2276 13175 
2277 10313 
2278 22402 
2279 17078 
2280 4984 
2281 5792 
2282 15465 
2283 19593 
2284 6558 
2285 20488 
2286 21834 
2287 16149 
2288 23972 
2289 111 
2290 3717 
2291 7813 
2292 19626 
2293 6153 
2294 18760 
2295 11016 
2296 9639 
2297 14811 
2298 3440 
2299 9372 
2300 4714 
2301 20845 
2302 6148 
2303 18375 
2304 22082 
2305 19103 
2306 9459 
2307 5578 
2308 16417 
2309 22949 
2310 7322 
2311 6943 
2312 12854 
2313 22460 
2314 3176 
2315 7080 
2316 21550 
2317 10994 
2318 4155 
2319 17387 
2320 630 
2321 22380 
2322 18686 
2323 128 
2324 20309 
2325 2878 
2326 23029 
2327 1359 
2328 6472 
2329 21054 
2330 16615 
2331 23060 
2332 16892 
2333 20347 
2334 15652 
2335 4574 
2336 308 
2337 17709 
2338 16532 
2339 7922 
2340 662 
2341 19485 
2342 19487 
2343 4907 
2344 1400 
2345 276 
2346 22045 
2347 832 
2348 541 
2349 9305 
2350 9236 
2351 13092 
2352 20862 
2353 18698 
2354 18312 
2355 3877 
2356 3348 
2357 18833 
2358 12495 
2359 17821 
2360 12750 
2361 21233 
2362 12030 
2363 22826 
2364 15650 
2365 10059 
2366 16680 
2367 3145 
2368 7100 
2369 16025 
2370 3790 
2371 2235 
2372 1555 
2373 11455 
2374 9317 
2375 3710 
2376 21852 
2377 18581 
2378 12038 
2379 21344 
2380 19418 
2381 18056 
2382 5997 
2383 12083 
2384 23010 
2385 7582 
2386 1779 
2387 14584 
2388 10154 
2389 15563 
2390 5988 
2391 1666 
2392 11834 
2393 13172 
2394 2204 
2395 18081 
2396 3365 
2397 9929 
2398 6316 
2399 14189 
2400 19795 
2401 12580 
2402 4043 
2403 20757 
2404 21776 
2405 9462 
2406 12968 
2407 15879 
2408 10998 
2409 8340 
2410 14972 
2411 14852 
2412 2331 
2413 16422 
2414 14409 
2415 19734 
2416 2632 
2417 1454 
2418 23479 
2419 6971 
2420 23404 
2421 21221 
2422 3408 
2423 3363 
2424 18674 
2425 3311 
2426 11958 
2427 18114 
2428 14434 
2429 7082 
2430 1554 
2431 8973 
2432 22049 
2433 13128 
2434 22897 
2435 8790 
2436 1472 
2437 4090 
2438 11140 
2439 15139 
2440 4361 
2441 18477 
2442 9471 
2443 3706 
2444 12335 
2445 4368 
2446 20081 
2447 21921 
2448 1732 
2449 5791 
2450 20054 
2451 8062 
2452 1727 
2453 15367 
2454 8012 
2455 5806 
2456 16917 
2457 7475 
2458 4934 
2459 7321 
2460 2311 
2461 10473 
2462 19540 
2463 16540 
2464 9389 
2465 11658 
2466 16552 
2467 15407 
2468 2775 
2469 16344 
2470 8144 
2471 13630 
2472 22540 
2473 11328 
2474 12562 
2475 23631 
2476 8856 
2477 20393 
2478 9889 
2479 8660 
2480 1751 
2481 4694 
2482 375 
2483 1573 
2484 23193 
2485 8789 
2486 20531 
2487 12025 
2488 7399 
2489 8089 
2490 9611 
2491 9726 
2492 23028 
2493 13861 
2494 7518 
2495 7734 
2496 23271 
2497 18693 
2498 16397 
2499 9100 
2500 5896 
2501 3069 
2502 8445 
2503 14008 
2504 12659 
2505 18682 
2506 5826 
2507 6170 
2508 18678 
2509 20074 
2510 5836 
2511 15405 
2512 14509 
2513 18713 
2514 20820 
2515 16563 
2516 6509 
2517 10687 
2518 10509 
2519 4329 
2520 13210 
2521 9124 
2522 22435 
2523 8570 
2524 6701 
2525 4033 
2526 11200 
2527 2310 
2528 16099 
2529 173 
2530 17676 
2531 7522 
2532 13143 
2533 21840 
2534 571 
2535 20102 
2536 15418 
2537 16358 
2538 22476 
2539 1595 
2540 8332 
2541 4133 
2542 18673 
2543 9824 
2544 9974 
2545 16232 
2546 10843 
2547 11404 
2548 2068 
2549 11347 
2550 11099 
2551 15552 
2552 23132 
2553 11809 
2554 17113 
2555 1678 
2556 14919 
2557 3396 
2558 7810 
2559 5911 
2560 23121 
2561 16773 
2562 20474 
2563 5062 
2564 1747 
2565 6482 
2566 7469 
2567 9112 
2568 13447 
2569 7410 
2570 17924 
2571 19344 
2572 15870 
2573 12880 
2574 21640 
2575 13756 
2576 23770 
2577 4817 
2578 23021 
2579 17207 
2580 4697 
2581 1615 
2582 5737 
2583 17662 
2584 23136 
2585 6822 
2586 12619 
2587 22752 
2588 11436 
2589 20210 
2590 11063 
2591 19027 
2592 22773 
2593 21198 
2594 5048 
2595 12207 
2596 1361 
2597 21983 
2598 18075 
2599 14720 
2600 10503 
2601 3277 
2602 2699 
2603 14888 
2604 13735 
2605 23724 
2606 13221 
2607 17077 
2608 2377 
2609 22180 
2610 12009 
2611 7671 
2612 13528 
2613 9641 
2614 15337 
2615 4409 
2616 6422 
2617 7155 
2618 1744 
2619 5789 
2620 13104 
2621 9041 
2622 5341 
2623 15375 
2624 5248 
2625 3066 
2626 1925 
2627 9339 
2628 15918 
2629 4884 
2630 17127 
2631 19318 
2632 2050 
2633 21537 
2634 8534 
2635 4195 
2636 21889 
2637 6586 
2638 2323 
2639 6032 
2640 19521 
2641 19079 
2642 2933 
2643 10386 
2644 11004 
2645 12565 
2646 1720 
2647 5722 
2648 18641 
2649 1510 
2650 2892 
2651 16383 
2652 23214 
2653 12647 
2654 13097 
2655 21050 
2656 14727 
2657 11935 
2658 13083 
2659 2666 
2660 6273 
2661 6067 
2662 125 
2663 18018 
2664 13294 
2665 4754 
2666 151 
2667 4558 
2668 21965 
2669 14101 
2670 10970 
2671 9886 
2672 19256 
2673 22531 
2674 11669 
2675 4074 
2676 19969 
2677 14933 
2678 15814 
2679 5489 
2680 19402 
2681 19543 
2682 3076 
2683 21799 
2684 8958 
2685 9446 
2686 20124 
2687 20419 
2688 8211 
2689 18499 
2690 2882 
2691 17672 
2692 22114 
2693 14283 
2694 11513 
2695 21020 
2696 20614 
2697 14226 
2698 7974 
2699 3803 
2700 2967 
2701 9281 
2702 5501 
2703 7836 
2704 9275 
2705 10590 
2706 11578 
2707 23248 
2708 14218 
2709 938 
2710 21369 
2711 15045 
2712 9850 
2713 23089 
2714 16444 
2715 2065 
2716 11131 
2717 16634 
2718 11323 
2719 7009 
2720 10780 
2721 5470 
2722 12607 
2723 3550 
2724 22457 
2725 10920 
2726 14944 
2727 20182 
2728 11830 
2729 619 
2730 14354 
2731 20547 
2732 21940 
2733 3121 
2734 2308 
2735 7185 
2736 12173 
2737 18597 
2738 847 
2739 22956 
2740 17044 
2741 18600 
2742 10019 
2743 18033 
2744 7770 
2745 23808 
2746 9723 
2747 5864 
2748 7350 
2749 3146 
2750 3430 
2751 19634 
2752 1919 
2753 23352 
2754 22780 
2755 2610 
2756 15226 
2757 6597 
2758 9370 
2759 3571 
2760 10698 
2761 661 
2762 4500 
2763 2046 
2764 11790 
2765 4515 
2766 11706 
2767 8156 
2768 4818 
2769 11300 
2770 15777 
2771 14025 
2772 548 
2773 2152 
2774 7675 
2775 10975 
2776 4731 
2777 17225 
2778 13114 
2779 11011 
2780 4217 
2781 13761 
2782 12781 
2783 10455 
2784 1828 
2785 23347 
2786 23887 
2787 20057 
2788 6794 
2789 23745 
2790 15569 
2791 5687 
2792 19216 
2793 13295 
2794 2995 
2795 8522 
2796 9217 
2797 7789 
2798 20264 
2799 16606 
2800 1012 
2801 23914 
2802 6061 
2803 22240 
2804 4696 
2805 728 
2806 23821 
2807 391 
2808 20215 
2809 7247 
2810 18358 
2811 2619 
2812 10332 
2813 9516 
2814 12806 
2815 16171 
2816 33 
2817 5149 
2818 13853 
2819 19941 
2820 18480 
2821 11385 
2822 1032 
2823 23348 
2824 14332 
2825 7629 
2826 10592 
2827 11049 
2828 10065 
2829 262 
2830 13389 
2831 23725 
2832 1404 
2833 9416 
2834 9612 
2835 3350 
2836 4376 
2837 15118 
2838 7163 
2839 16379 
2840 22920 
2841 23747 
2842 16276 
2843 4274 
2844 2486 
2845 2875 
2846 22597 
2847 3543 
2848 14585 
2849 177 
2850 23799 
2851 10613 
2852 2121 
2853 13669 
2854 17016 
2855 8214 
2856 1279 
2857 16040 
2858 925 
2859 19424 
2860 2827 
2861 14935 
2862 10038 
2863 5608 
2864 16577 
2865 10852 
2866 13079 
2867 23076 
2868 20611 
2869 14751 
2870 2075 
2871 6630 
2872 19333 
2873 15586 
2874 22127 
2875 5531 
2876 20330 
2877 17878 
2878 2912 
2879 5043 
2880 13740 
2881 6036 
2882 10433 
2883 4647 
2884 19390 
2885 13785 
2886 8038 
2887 8706 
2888 11164 
2889 18522 
2890 3987 
2891 1451 
2892 11806 
2893 19765 
2894 5012 
2895 6239 
2896 17765 
2897 18355 
2898 4305 
2899 22595 
2900 18367 
2901 18519 
2902 10803 
2903 18255 
2904 20877 
2905 21026 
2906 2674 
2907 17331 
2908 20779 
2909 18987 
2910 5334 
2911 2474 
2912 20371 
2913 20825 
2914 20570 
2915 23811 
2916 5291 
2917 17320 
2918 18160 
2919 8019 
2920 19405 
2921 1581 
2922 6982 
2923 16053 
2924 11506 
2925 12836 
2926 6380 
2927 560 
2928 6493 
2929 1481 
2930 4663 
2931 1790 
2932 21802 
2933 8613 
2934 13015 
2935 178 
2936 2396 
2937 13561 
2938 12322 
2939 14100 
2940 11477 
2941 3564 
2942 22993 
2943 1455 
2944 16964 
2945 18350 
2946 9851 
2947 17692 
2948 5755 
2949 23751 
2950 6275 
2951 10548 
2952 12688 
2953 5400 
2954 16764 
2955 3238 
2956 23905 
2957 5456 
2958 21509 
2959 18549 
2960 2433 
2961 17177 
2962 11236 
2963 15058 
2964 11624 
2965 5275 
2966 11358 
2967 22666 
2968 23632 
2969 6984 
2970 19796 
2971 273 
2972 17710 
2973 15532 
2974 13771 
2975 6715 
2976 18024 
2977 14692 
2978 15150 
2979 11355 
2980 3525 
2981 6571 
2982 19860 
2983 22664 
2984 5886 
2985 11026 
2986 12023 
2987 22677 
2988 11794 
2989 21418 
2990 4675 
2991 18351 
2992 15182 
2993 20904 
2994 3958 
2995 15587 
2996 16691 
2997 1575 
2998 98 
2999 23110 
3000 7390 
3001 10016 
3002 15555 
3003 22266 
3004 18812 
3005 16289 
3006 15038 
3007 140 
3008 22193 
3009 323 
3010 13428 
3011 11379 
3012 51 
3013 13843 
3014 2976 
3015 8200 
3016 8010 
3017 13011 
3018 20753 
3019 16799 
3020 1168 
3021 1294 
3022 12239 
3023 23338 
3024 22204 
3025 1196 
3026 7276 
3027 9906 
3028 18203 
3029 8353 
3030 4375 
3031 19294 
3032 18167 
3033 2881 
3034 22199 
3035 19518 
3036 281 
3037 10973 
3038 10565 
3039 2304 
3040 6770 
3041 4187 
3042 16245 
3043 21133 
3044 22371 
3045 9655 
3046 18645 
3047 16270 
3048 21311 
3049 10755 
3050 6378 
3051 3709 
3052 12459 
3053 16273 
3054 20863 
3055 2883 
3056 1969 
3057 4313 
3058 13291 
3059 11519 
3060 4084 
3061 4801 
3062 9347 
3063 2299 
3064 15439 
3065 11813 
3066 21370 
3067 21477 
3068 16840 
3069 4858 
3070 16242 
3071 4797 
3072 981 
3073 4596 
3074 4617 
3075 23858 
3076 10078 
3077 19145 
3078 13780 
3079 9254 
3080 19446 
3081 16035 
3082 18777 
3083 18941 
3084 9644 
3085 14771 
3086 21685 
3087 12931 
3088 20915 
3089 6375 
3090 3017 
3091 12282 
3092 18371 
3093 17072 
3094 12300 
3095 2941 
3096 8968 
3097 2404 
3098 15304 
3099 6968 
3100 17418 
3101 1496 
3102 21402 
3103 19803 
3104 17099 
3105 19095 
3106 1382 
3107 3811 
3108 528 
3109 6746 
3110 2956 
3111 22769 
3112 15153 
3113 1600 
3114 1094 
3115 15956 
3116 13628 
3117 19920 
3118 14553 
3119 7403 
3120 14734 
3121 19352 
3122 17476 
3123 5927 
3124 16224 
3125 19599 
3126 9348 
3127 4317 
3128 6749 
3129 2031 
3130 13524 
3131 6859 
3132 5757 
3133 16652 
3134 14141 
3135 13830 
3136 23494 
3137 14065 
3138 6049 
3139 6399 
3140 1286 
3141 20588 
3142 1684 
3143 1857 
3144 16853 
3145 23642 
3146 11847 
3147 10796 
3148 2983 
3149 22394 
3150 17186 
3151 6463 
3152 3927 
3153 23337 
3154 9882 
3155 16637 
3156 5699 
3157 15495 
3158 7066 
3159 21807 
3160 15833 
3161 16538 
3162 3616 
3163 22247 
3164 9208 
3165 20591 
3166 21674 
3167 18534 
3168 10829 
3169 5181 
3170 18618 
3171 16699 
3172 9899 
3173 13926 
3174 16783 
3175 11599 
3176 2732 
3177 19512 
3178 11108 
3179 11467 
3180 963 
3181 7709 
3182 11295 
3183 23674 
3184 10599 
3185 15248 
3186 17312 
3187 22620 
3188 1867 
3189 19644 
3190 2306 
3191 17468 
3192 3462 
3193 20321 
3194 19785 
3195 8872 
3196 6382 
3197 2421 
3198 18759 
3199 3080 
3200 11555 
3201 6175 
3202 5394 
3203 5758 
3204 21010 
3205 747 
3206 17333 
3207 2455 
3208 6055 
3209 16504 
3210 11692 
3211 3782 
3212 17519 
3213 8818 
3214 7485 
3215 23895 
3216 8352 
3217 2718 
3218 21242 
3219 2843 
3220 3767 
3221 21459 
3222 18583 
3223 12452 
3224 16946 
3225 7413 
3226 3428 
3227 14534 
3228 6686 
3229 13322 
3230 16724 
3231 8373 
3232 19109 
3233 10430 
3234 11532 
3235 16291 
3236 1507 
3237 8863 
3238 5702 
3239 10554 
3240 9441 
3241 23263 
3242 19817 
3243 17865 
3244 4966 
3245 5730 
3246 5586 
3247 3231 
3248 21918 
3249 20259 
3250 15028 
3251 3038 
3252 19396 
3253 16180 
3254 3868 
3255 9517 
3256 7540 
3257 4903 
3258 9295 
3259 18677 
3260 18791 
3261 6952 
3262 9816 
3263 23223 
3264 18006 
3265 8664 
3266 9073 
3267 2374 
3268 23548 
3269 22220 
3270 21779 
3271 12262 
3272 12088 
3273 23523 
3274 1162 
3275 18159 
3276 8235 
3277 7311 
3278 14126 
3279 17285 
3280 12242 
3281 16996 
3282 21913 
3283 16146 
3284 4682 
3285 9001 
3286 12338 
3287 18498 
3288 22833 
3289 14828 
3290 15669 
3291 19455 
3292 15662 
3293 20865 
3294 22856 
3295 16446 
3296 15714 
3297 2611 
3298 14652 
3299 23189 
3300 14819 
3301 7902 
3302 23276 
3303 22273 
3304 6986 
3305 3654 
3306 4690 
3307 11040 
3308 4683 
3309 10325 
3310 3949 
3311 11683 
3312 9205 
3313 2812 
3314 6637 
3315 14459 
3316 23139 
3317 17574 
3318 14492 
3319 23563 
3320 10873 
3321 23650 
3322 17697 
3323 167 
3324 3453 
3325 1235 
3326 13691 
3327 2815 
3328 599 
3329 17837 
3330 13604 
3331 18194 
3332 3734 
3333 901 
3334 12438 
3335 6796 
3336 20251 
3337 7982 
3338 1993 
3339 12080 
3340 20146 
3341 15242 
3342 18517 
3343 3894 
3344 23965 
3345 22412 
3346 14138 
3347 12887 
3348 2667 
3349 21448 
3350 12143 
3351 22695 
3352 10711 
3353 17091 
3354 3364 
3355 22384 
3356 16707 
3357 19174 
3358 11773 
3359 7850 
3360 22870 
3361 3420 
3362 22656 
3363 7202 
3364 10692 
3365 8409 
3366 3562 
3367 9757 
3368 20750 
3369 14687 
3370 17917 
3371 4766 
3372 6439 
3373 2462 
3374 12068 
3375 20436 
3376 13892 
3377 17551 
3378 16419 
3379 12625 
3380 21190 
3381 19801 
3382 19244 
3383 22999 
3384 5169 
3385 2402 
3386 8112 
3387 7345 
3388 22491 
3389 15617 
3390 12236 
3391 12343 
3392 16198 
3393 19609 
3394 5852 
3395 6841 
3396 6963 
3397 15057 
3398 13191 
3399 19611 
3400 16362 
3401 20262 
3402 1096 
3403 10056 
3404 247 
3405 18878 
3406 11296 
3407 5589 
3408 4637 
3409 18340 
3410 524 
3411 18697 
3412 18774 
3413 13813 
3414 244 
3415 417 
3416 13546 
3417 3221 
3418 403 
3419 22581 
3420 8317 
3421 13197 
3422 14653 
3423 10305 
3424 12972 
3425 19281 
3426 5277 
3427 12547 
3428 5879 
3429 9328 
3430 3474 
3431 645 
3432 6574 
3433 2648 
3434 1924 
3435 4429 
3436 20089 
3437 9778 
3438 20512 
3439 2614 
3440 9493 
3441 6339 
3442 1571 
3443 11751 
3444 22367 
3445 16700 
3446 2978 
3447 18550 
3448 14455 
3449 12785 
3450 6352 
3451 16902 
3452 18467 
3453 14147 
3454 10677 
3455 13 
3456 20567 
3457 8647 
3458 2037 
3459 3168 
3460 23736 
3461 8342 
3462 16581 
3463 15277 
3464 4337 
3465 10479 
3466 20176 
3467 22396 
3468 2201 
3469 21218 
3470 1884 
3471 6922 
3472 13513 
3473 3961 
3474 345 
3475 16973 
3476 15395 
3477 4469 
3478 12665 
3479 14440 
3480 261 
3481 20280 
3482 5541 
3483 15319 
3484 6241 
3485 4407 
3486 16502 
3487 21406 
3488 3863 
3489 503 
3490 1606 
3491 9094 
3492 3596 
3493 16463 
3494 14245 
3495 19048 
3496 23394 
3497 8385 
3498 14280 
3499 17492 
3500 10204 
3501 441 
3502 4192 
3503 1511 
3504 16493 
3505 3240 
3506 6705 
3507 4085 
3508 5013 
3509 22268 
3510 18545 
3511 19924 
3512 1672 
3513 5936 
3514 2662 
3515 2773 
3516 20852 
3517 10783 
3518 23981 
3519 6938 
3520 6528 
3521 7175 
3522 10908 
3523 23740 
3524 18294 
3525 801 
3526 17025 
3527 15613 
3528 20357 
3529 8001 
3530 13120 
3531 13125 
3532 23159 
3533 748 
3534 15526 
3535 18951 
3536 15449 
3537 19063 
3538 8399 
3539 362 
3540 18478 
3541 10307 
3542 10112 
3543 15551 
3544 9528 
3545 8462 
3546 19573 
3547 12228 
3548 2379 
3549 7721 
3550 12635 
3551 11166 
3552 20695 
3553 9173 
3554 9286 
3555 18827 
3556 17 
3557 4168 
3558 21869 
3559 10359 
3560 18366 
3561 13325 
3562 15772 
3563 2705 
3564 6159 
3565 5260 
3566 12091 
3567 21549 
3568 11528 
3569 19338 
3570 13887 
3571 17935 
3572 13482 
3573 4982 
3574 18786 
3575 13759 
3576 10442 
3577 14826 
3578 1250 
3579 781 
3580 12875 
3581 22772 
3582 12454 
3583 22869 
3584 17350 
3585 5355 
3586 4151 
3587 5917 
3588 8565 
3589 2518 
3590 14438 
3591 16165 
3592 17818 
3593 20932 
3594 18211 
3595 8500 
3596 14824 
3597 1423 
3598 18584 
3599 19868 
3600 23542 
3601 16978 
3602 21723 
3603 16353 
3604 19759 
3605 13981 
3606 9105 
3607 1728 
3608 13485 
3609 17286 
3610 14070 
3611 15628 
3612 17600 
3613 12718 
3614 1528 
3615 11662 
3616 22466 
3617 10391 
3618 7767 
3619 5100 
3620 10218 
3621 7811 
3622 8665 
3623 3021 
3624 6257 
3625 22386 
3626 17154 
3627 13166 
3628 23954 
3629 15584 
3630 6332 
3631 5300 
3632 6402 
3633 17341 
3634 13263 
3635 4676 
3636 2422 
3637 4188 
3638 23828 
3639 20752 
3640 1945 
3641 18647 
3642 18132 
3643 3413 
3644 10042 
3645 9727 
3646 12775 
3647 17534 
3648 14015 
3649 17648 
3650 13220 
3651 9965 
3652 15808 
3653 14249 
3654 14816 
3655 3682 
3656 6384 
3657 118 
3658 4577 
3659 8811 
3660 5173 
3661 21810 
3662 20453 
3663 4651 
3664 21183 
3665 13430 
3666 7001 
3667 21358 
3668 23849 
3669 6122 
3670 3797 
3671 11776 
3672 16811 
3673 23935 
3674 3565 
3675 608 
3676 13370 
3677 7437 
3678 9060 
3679 10621 
3680 14923 
3681 3255 
3682 16318 
3683 4623 
3684 23590 
3685 9014 
3686 13809 
3687 18236 
3688 2441 
3689 19834 
3690 3417 
3691 21925 
3692 12406 
3693 20037 
3694 15784 
3695 331 
3696 12367 
3697 14485 
3698 179 
3699 17001 
3700 14703 
3701 5623 
3702 6875 
3703 13131 
3704 22302 
3705 19094 
3706 13727 
3707 17190 
3708 13394 
3709 17569 
3710 5409 
3711 18064 
3712 23535 
3713 18222 
3714 14076 
3715 17352 
3716 4025 
3717 13721 
3718 9597 
3719 21746 
3720 4110 
3721 19178 
3722 11866 
3723 831 
3724 14655 
3725 2094 
3726 15972 
3727 7438 
3728 21429 
3729 15272 
3730 17242 
3731 23765 
3732 263 
3733 6784 
3734 9008 
3735 13810 
3736 12873 
3737 21156 
3738 19205 
3739 18451 
3740 15965 
3741 10337 
3742 7887 
3743 9800 
3744 12178 
3745 12613 
3746 16709 
3747 920 
3748 1293 
3749 7722 
3750 20523 
3751 10165 
3752 12837 
3753 18866 
3754 18648 
3755 5884 
3756 21518 
3757 10658 
3758 5250 
3759 15490 
3760 1921 
3761 13787 
3762 4341 
3763 9815 
3764 1118 
3765 9214 
3766 3356 
3767 3593 
3768 14615 
3769 5918 
3770 16090 
3771 3533 
3772 1676 
3773 7749 
3774 14266 
3775 1622 
3776 6764 
3777 8264 
3778 18855 
3779 4611 
3780 21823 
3781 17131 
3782 19505 
3783 4795 
3784 2693 
3785 14925 
3786 14728 
3787 20354 
3788 3530 
3789 8398 
3790 10639 
3791 15131 
3792 5919 
3793 12112 
3794 16534 
3795 16790 
3796 17793 
3797 15931 
3798 21769 
3799 19974 
3800 15158 
3801 9301 
3802 21599 
3803 21521 
3804 18982 
3805 8061 
3806 3872 
3807 10033 
3808 15420 
3809 18788 
3810 7946 
3811 10544 
3812 10876 
3813 11029 
3814 14250 
3815 5184 
3816 12892 
3817 7091 
3818 16595 
3819 9694 
3820 13877 
3821 13811 
3822 13032 
3823 21118 
3824 5661 
3825 4119 
3826 2531 
3827 17611 
3828 19404 
3829 20030 
3830 21342 
3831 23720 
3832 18624 
3833 4461 
3834 3142 
3835 2295 
3836 3766 
3837 19143 
3838 20672 
3839 5683 
3840 22342 
3841 13264 
3842 18836 
3843 22550 
3844 21293 
3845 7689 
3846 9383 
3847 2831 
3848 7370 
3849 12531 
3850 12617 
3851 18494 
3852 17311 
3853 21793 
3854 15763 
3855 14115 
3856 8948 
3857 3194 
3858 17653 
3859 10197 
3860 6919 
3861 23710 
3862 15856 
3863 2922 
3864 11456 
3865 14195 
3866 8511 
3867 12133 
3868 3655 
3869 3904 
3870 4467 
3871 22893 
3872 4086 
3873 20929 
3874 14108 
3875 6229 
3876 20331 
3877 4462 
3878 8581 
3879 6581 
3880 10866 
3881 19422 
3882 13541 
3883 9120 
3884 23852 
3885 4357 
3886 6732 
3887 23942 
3888 18380 
3889 10223 
3890 3568 
3891 12522 
3892 12638 
3893 4656 
3894 3289 
3895 8528 
3896 13688 
3897 19237 
3898 10340 
3899 7072 
3900 13964 
3901 4888 
3902 2549 
3903 13670 
3904 4364 
3905 23963 
3906 3078 
3907 2702 
3908 20772 
3909 16124 
3910 6211 
3911 8605 
3912 12431 
3913 9505 
3914 12408 
3915 7464 
3916 23275 
3917 4918 
3918 1611 
3919 9132 
3920 13024 
3921 13958 
3922 14855 
3923 11314 
3924 10724 
3925 21389 
3926 7441 
3927 11378 
3928 337 
3929 18231 
3930 21860 
3931 23464 
3932 2078 
3933 14565 
3934 18726 
3935 4432 
3936 14482 
3937 13183 
3938 18683 
3939 11475 
3940 15124 
3941 21997 
3942 21281 
3943 11407 
3944 6573 
3945 19525 
3946 16867 
3947 19705 
3948 16988 
3949 1189 
3950 10710 
3951 18044 
3952 11681 
3953 11573 
3954 8087 
3955 18276 
3956 1256 
3957 22906 
3958 6729 
3959 14513 
3960 14042 
3961 10420 
3962 2890 
3963 4444 
3964 16393 
3965 7983 
3966 17325 
3967 11132 
3968 14657 
3969 603 
3970 518 
3971 23609 
3972 14134 
3973 377 
3974 22035 
3975 5116 
3976 13739 
3977 10924 
3978 16648 
3979 18780 
3980 5304 
3981 18463 
3982 8901 
3983 7153 
3984 10344 
3985 6511 
3986 13685 
3987 215 
3988 9391 
3989 1690 
3990 21208 
3991 2177 
3992 20067 
3993 7908 
3994 15076 
3995 5568 
3996 3695 
3997 21390 
3998 15846 
3999 22378 
4000 14442 
4001 22305 
4002 6306 
4003 22776 
4004 2499 
4005 11784 
4006 19157 
4007 8081 
4008 1199 
4009 16135 
4010 8452 
4011 7875 
4012 20223 
4013 13834 
4014 16722 
4015 17397 
4016 10917 
4017 14834 
4018 9252 
4019 15488 
4020 18269 
4021 7843 
4022 6628 
4023 13719 
4024 22310 
4025 17770 
4026 136 
4027 3903 
4028 8494 
4029 3426 
4030 14228 
4031 2436 
4032 21962 
4033 3491 
4034 11984 
4035 13556 
4036 13711 
4037 3701 
4038 6640 
4039 11406 
4040 7947 
4041 14398 
4042 13270 
4043 6396 
4044 20091 
4045 3595 
4046 3975 
4047 17427 
4048 9165 
4049 22308 
4050 13969 
4051 17535 
4052 13885 
4053 21659 
4054 20293 
4055 17111 
4056 8228 
4057 4815 
4058 14836 
4059 15713 
4060 20323 
4061 9667 
4062 19013 
4063 18814 
4064 11068 
4065 1051 
4066 15253 
4067 6265 
4068 12095 
4069 9947 
4070 23092 
4071 16654 
4072 18870 
4073 11246 
4074 9369 
4075 5928 
4076 19202 
4077 17417 
4078 8066 
4079 17310 
4080 2565 
4081 23104 
4082 750 
4083 14279 
4084 2183 
4085 15950 
4086 21400 
4087 18129 
4088 20732 
4089 5052 
4090 23330 
4091 6714 
4092 21928 
4093 1655 
4094 4459 
4095 4975 
4096 19988 
4097 22068 
4098 7848 
4099 11556 
4100 6532 
4101 16926 
4102 4494 
4103 13770 
4104 20623 
4105 14813 
4106 14390 
4107 606 
4108 19778 
4109 13112 
4110 13467 
4111 16411 
4112 2189 
4113 20398 
4114 1484 
4115 4315 
4116 5618 
4117 23097 
4118 10015 
4119 2282 
4120 13687 
4121 13663 
4122 4257 
4123 15203 
4124 9293 
4125 23002 
4126 3198 
4127 12113 
4128 20400 
4129 3230 
4130 23886 
4131 5713 
4132 18471 
4133 13504 
4134 14315 
4135 20421 
4136 10706 
4137 21576 
4138 5413 
4139 11460 
4140 5122 
4141 21273 
4142 4412 
4143 18191 
4144 9140 
4145 2955 
4146 21192 
4147 6514 
4148 9042 
4149 12122 
4150 20936 
4151 10345 
4152 18931 
4153 9315 
4154 20643 
4155 14856 
4156 7820 
4157 13806 
4158 19363 
4159 8346 
4160 8330 
4161 23008 
4162 5790 
4163 19484 
4164 11020 
4165 2552 
4166 14308 
4167 21898 
4168 23931 
4169 13553 
4170 15889 
4171 6186 
4172 15015 
4173 21744 
4174 9610 
4175 9457 
4176 4532 
4177 19878 
4178 22985 
4179 9968 
4180 9172 
4181 12543 
4182 20128 
4183 2758 
4184 16792 
4185 5094 
4186 6367 
4187 19090 
4188 3551 
4189 7782 
4190 15782 
4191 14047 
4192 23507 
4193 4759 
4194 15093 
4195 18972 
4196 17337 
4197 2808 
4198 2774 
4199 23767 
4200 5610 
4201 22000 
4202 16845 
4203 1518 
4204 17110 
4205 11541 
4206 19918 
4207 19166 
4208 19047 
4209 22638 
4210 9791 
4211 3581 
4212 2954 
4213 17442 
4214 17330 
4215 12505 
4216 22375 
4217 22007 
4218 4246 
4219 5926 
4220 21562 
4221 20770 
4222 5850 
4223 1910 
4224 19913 
4225 10132 
4226 15146 
4227 6510 
4228 10591 
4229 6383 
4230 20066 
4231 12973 
4232 5095 
4233 18015 
4234 7197 
4235 17448 
4236 18437 
4237 21267 
4238 3197 
4239 18509 
4240 6646 
4241 3733 
4242 15517 
4243 8758 
4244 17819 
4245 12439 
4246 1821 
4247 4730 
4248 6467 
4249 19125 
4250 16157 
4251 1390 
4252 20546 
4253 5464 
4254 20378 
4255 21868 
4256 10989 
4257 449 
4258 3374 
4259 14473 
4260 6197 
4261 19542 
4262 17568 
4263 5256 
4264 23227 
4265 20959 
4266 17491 
4267 22499 
4268 15949 
4269 4471 
4270 23860 
4271 7255 
4272 21214 
4273 19797 
4274 11538 
4275 20579 
4276 10101 
4277 18685 
4278 12597 
4279 4645 
4280 23072 
4281 9422 
4282 19771 
4283 17623 
4284 8549 
4285 14429 
4286 9016 
4287 14179 
4288 12351 
4289 23314 
4290 20794 
4291 17831 
4292 20768 
4293 10874 
4294 5216 
4295 11143 
4296 21310 
4297 11797 
4298 9631 
4299 12356 
4300 14057 
4301 4607 
4302 19952 
4303 7059 
4304 15376 
4305 23247 
4306 10862 
4307 530 
4308 6370 
4309 8700 
4310 2783 
4311 5935 
4312 3091 
4313 610 
4314 2984 
4315 9701 
4316 23255 
4317 21307 
4318 4977 
4319 17292 
4320 3035 
4321 23188 
4322 9092 
4323 20482 
4324 6193 
4325 10830 
4326 9241 
4327 14024 
4328 12264 
4329 7303 
4330 12474 
4331 9185 
4332 8838 
4333 22368 
4334 5748 
4335 23718 
4336 16389 
4337 5411 
4338 13445 
4339 1812 
4340 6512 
4341 19947 
4342 15646 
4343 9514 
4344 3613 
4345 14212 
4346 16751 
4347 8440 
4348 5940 
4349 1407 
4350 15379 
4351 5492 
4352 9938 
4353 2870 
4354 9773 
4355 254 
4356 5014 
4357 22017 
4358 4177 
4359 21798 
4360 2930 
4361 16841 
4362 9970 
4363 8631 
4364 9178 
4365 20966 
4366 1667 
4367 18057 
4368 9823 
4369 9174 
4370 23659 
4371 22479 
4372 9942 
4373 15112 
4374 12533 
4375 14646 
4376 15288 
4377 15426 
4378 643 
4379 22183 
4380 11737 
4381 9521 
4382 21251 
4383 19298 
4384 19558 
4385 17631 
4386 9852 
4387 14548 
4388 5812 
4389 5524 
4390 7865 
4391 7898 
4392 1285 
4393 18921 
4394 18257 
4395 22160 
4396 11691 
4397 17276 
4398 7364 
4399 14097 
4400 1177 
4401 11413 
4402 13753 
4403 4308 
4404 16527 
4405 6224 
4406 11722 
4407 10425 
4408 21689 
4409 4222 
4410 17266 
4411 2468 
4412 23428 
4413 14620 
4414 10534 
4415 3541 
4416 19879 
4417 15899 
4418 1981 
4419 9187 
4420 16091 
4421 17736 
4422 2134 
4423 18229 
4424 16111 
4425 21849 
4426 1795 
4427 1066 
4428 11976 
4429 789 
4430 6355 
4431 22340 
4432 18619 
4433 13309 
4434 21253 
4435 13648 
4436 17019 
4437 10176 
4438 15902 
4439 20118 
4440 20426 
4441 20524 
4442 12463 
4443 8197 
4444 15233 
4445 12331 
4446 19872 
4447 4360 
4448 23225 
4449 1224 
4450 23269 
4451 23415 
4452 7141 
4453 3817 
4454 15643 
4455 13544 
4456 14607 
4457 13915 
4458 16115 
4459 5636 
4460 14724 
4461 13846 
4462 19206 
4463 787 
4464 18302 
4465 2463 
4466 8135 
4467 10179 
4468 7961 
4469 19822 
4470 11771 
4471 12348 
4472 5350 
4473 8891 
4474 7537 
4475 22318 
4476 8426 
4477 11752 
4478 5903 
4479 23599 
4480 16965 
4481 4211 
4482 12669 
4483 795 
4484 5490 
4485 20352 
4486 7880 
4487 14530 
4488 1090 
4489 17192 
4490 5090 
4491 17431 
4492 22365 
4493 12719 
4494 15070 
4495 11362 
4496 14446 
4497 21017 
4498 17027 
4499 11673 
4500 18670 
4501 5626 
4502 17161 
4503 8593 
4504 5254 
4505 6710 
4506 17505 
4507 17307 
4508 16458 
4509 14056 
4510 18485 
4511 4448 
4512 8969 
4513 23099 
4514 14106 
4515 2229 
4516 18124 
4517 9980 
4518 11007 
4519 562 
4520 17031 
4521 18288 
4522 18986 
4523 12815 
4524 21446 
4525 4396 
4526 17851 
4527 3645 
4528 3890 
4529 4328 
4530 19896 
4531 17104 
4532 17684 
4533 1947 
4534 19169 
4535 6435 
4536 20667 
4537 5678 
4538 9956 
4539 21110 
4540 8039 
4541 7824 
4542 20339 
4543 6932 
4544 16664 
4545 20468 
4546 16912 
4547 12886 
4548 9247 
4549 2386 
4550 14374 
4551 12753 
4552 21786 
4553 7138 
4554 22022 
4555 871 
4556 21806 
4557 8220 
4558 14905 
4559 19955 
4560 17395 
4561 14105 
4562 5913 
4563 19219 
4564 4150 
4565 18460 
4566 23036 
4567 2095 
4568 9731 
4569 15211 
4570 18668 
4571 15568 
4572 20708 
4573 16098 
4574 22965 
4575 20315 
4576 9454 
4577 14812 
4578 1813 
4579 17074 
4580 10846 
4581 16457 
4582 18067 
4583 16718 
4584 22370 
4585 1531 
4586 56 
4587 14884 
4588 19308 
4589 11110 
4590 18804 
4591 6326 
4592 17782 
4593 10974 
4594 2862 
4595 1062 
4596 13177 
4597 4700 
4598 4974 
4599 23892 
4600 11293 
4601 6920 
4602 13518 
4603 13790 
4604 1343 
4605 1849 
4606 12059 
4607 5969 
4608 8196 
4609 22416 
4610 22580 
4611 1495 
4612 10741 
4613 22162 
4614 17017 
4615 7210 
4616 13142 
4617 21112 
4618 10722 
4619 295 
4620 14222 
4621 21030 
4622 4415 
4623 9020 
4624 2807 
4625 7435 
4626 15205 
4627 5261 
4628 17864 
4629 6638 
4630 4749 
4631 15696 
4632 9799 
4633 8147 
4634 6507 
4635 586 
4636 22344 
4637 3309 
4638 17238 
4639 1391 
4640 14338 
4641 2934 
4642 1902 
4643 7739 
4644 7096 
4645 1845 
4646 22524 
4647 3652 
4648 16641 
4649 12714 
4650 3099 
4651 5894 
4652 10388 
4653 1966 
4654 16746 
4655 23416 
4656 13027 
4657 529 
4658 9078 
4659 7706 
4660 2558 
4661 12405 
4662 6969 
4663 23941 
4664 9296 
4665 7828 
4666 4687 
4667 2314 
4668 5124 
4669 18058 
4670 15063 
4671 13102 
4672 17934 
4673 581 
4674 1352 
4675 15780 
4676 23627 
4677 7697 
4678 23877 
4679 23335 
4680 7564 
4681 18127 
4682 12556 
4683 8203 
4684 19113 
4685 14755 
4686 10664 
4687 23451 
4688 22594 
4689 9335 
4690 7312 
4691 5088 
4692 19391 
4693 19708 
4694 5477 
4695 6740 
4696 22430 
4697 13914 
4698 17126 
4699 7236 
4700 8198 
4701 15691 
4702 844 
4703 5931 
4704 9986 
4705 10089 
4706 2787 
4707 12865 
4708 6297 
4709 10640 
4710 1766 
4711 17859 
4712 5973 
4713 4026 
4714 19905 
4715 21275 
4716 17725 
4717 10438 
4718 10699 
4719 3705 
4720 8993 
4721 4520 
4722 12340 
4723 1502 
4724 1764 
4725 10733 
4726 18102 
4727 11697 
4728 13406 
4729 1064 
4730 10229 
4731 20532 
4732 10526 
4733 7759 
4734 15629 
4735 16482 
4736 21864 
4737 17100 
4738 11237 
4739 3360 
4740 23217 
4741 18430 
4742 18937 
4743 6047 
4744 8934 
4745 7128 
4746 11831 
4747 10385 
4748 1182 
4749 23340 
4750 10528 
4751 6287 
4752 21760 
4753 11499 
4754 7718 
4755 22492 
4756 10031 
4757 22573 
4758 22728 
4759 9511 
4760 19596 
4761 20988 
4762 21226 
4763 1980 
4764 3836 
4765 2174 
4766 533 
4767 18182 
4768 19764 
4769 22143 
4770 11512 
4771 18214 
4772 17302 
4773 14705 
4774 19575 
4775 4355 
4776 6410 
4777 16898 
4778 13365 
4779 115 
4780 6264 
4781 8076 
4782 17780 
4783 7025 
4784 146 
4785 37 
4786 6563 
4787 22555 
4788 22214 
4789 703 
4790 11561 
4791 20599 
4792 11728 
4793 5987 
4794 19275 
4795 17036 
4796 2814 
4797 2278 
4798 8786 
4799 4778 
4800 13908 
4801 7525 
4802 17313 
4803 7784 
4804 1457 
4805 16145 
4806 6556 
4807 13707 
4808 5185 
4809 7157 
4810 904 
4811 3955 
4812 15576 
4813 13752 
4814 18479 
4815 10053 
4816 5193 
4817 9950 
4818 4685 
4819 17522 
4820 7833 
4821 14732 
4822 10298 
4823 23557 
4824 17804 
4825 5538 
4826 17093 
4827 5497 
4828 9775 
4829 12787 
4830 19146 
4831 2635 
4832 2924 
4833 11255 
4834 18087 
4835 8521 
4836 6635 
4837 11495 
4838 9529 
4839 18537 
4840 11994 
4841 11 
4842 18223 
4843 2730 
4844 15506 
4845 19807 
4846 10371 
4847 19340 
4848 6310 
4849 18876 
4850 5573 
4851 3252 
4852 17579 
4853 21241 
4854 14624 
4855 16967 
4856 9713 
4857 1144 
4858 22617 
4859 19417 
4860 7092 
4861 15524 
4862 1513 
4863 18347 
4864 7786 
4865 434 
4866 10575 
4867 15089 
4868 17904 
4869 23438 
4870 17277 
4871 11974 
4872 19089 
4873 3834 
4874 1077 
4875 5246 
4876 7657 
4877 17197 
4878 20827 
4879 17151 
4880 15530 
4881 23299 
4882 11409 
4883 4508 
4884 11924 
4885 20739 
4886 6222 
4887 225 
4888 19022 
4889 3156 
4890 14006 
4891 23512 
4892 6692 
4893 11441 
4894 9230 
4895 22911 
4896 12224 
4897 14200 
4898 5155 
4899 21979 
4900 23365 
4901 2439 
4902 7455 
4903 12765 
4904 14107 
4905 18910 
4906 21716 
4907 6998 
4908 15771 
4909 7905 
4910 19349 
4911 18501 
4912 15916 
4913 11036 
4914 9944 
4915 13335 
4916 794 
4917 1778 
4918 8860 
4919 16236 
4920 11371 
4921 12456 
4922 13596 
4923 17773 
4924 951 
4925 7238 
4926 2846 
4927 3982 
4928 18188 
4929 161 
4930 12771 
4931 18875 
4932 22609 
4933 22534 
4934 701 
4935 9307 
4936 22025 
4937 14712 
4938 23058 
4939 23381 
4940 13876 
4941 16057 
4942 19517 
4943 3344 
4944 12667 
4945 5419 
4946 12427 
4947 8229 
4948 8775 
4949 6999 
4950 19894 
4951 7730 
4952 10504 
4953 14827 
4954 6621 
4955 4798 
4956 5065 
4957 19134 
4958 162 
4959 18331 
4960 9828 
4961 10622 
4962 22562 
4963 1494 
4964 17553 
4965 10606 
4966 16209 
4967 3314 
4968 16233 
4969 9027 
4970 5398 
4971 7417 
4972 17198 
4973 1900 
4974 7394 
4975 16075 
4976 11356 
4977 23363 
4978 13866 
4979 7027 
4980 2659 
4981 3290 
4982 8329 
4983 1712 
4984 23953 
4985 3724 
4986 12394 
4987 13345 
4988 7590 
4989 18701 
4990 14382 
4991 4673 
4992 17903 
4993 6921 
4994 23398 
4995 11525 
4996 13360 
4997 1245 
4998 6815 
4999 8823 
5000 18772 
5001 21877 
5002 8064 
5003 17251 
5004 9345 
5005 8283 
5006 882 
5007 5723 
5008 21867 
5009 17848 
5010 8250 
5011 23332 
5012 12981 
5013 6340 
5014 15476 
5015 3339 
5016 15672 
5017 20211 
5018 3539 
5019 7020 
5020 2671 
5021 10484 
5022 6601 
5023 8802 
5024 379 
5025 113 
5026 8258 
5027 22778 
5028 22803 
5029 8185 
5030 9593 
5031 16337 
5032 5270 
5033 3649 
5034 13772 
5035 670 
5036 620 
5037 8854 
5038 17040 
5039 11313 
5040 16183 
5041 10418 
5042 6479 
5043 9338 
5044 2968 
5045 8181 
5046 1309 
5047 5576 
5048 8730 
5049 23694 
5050 14898 
5051 15851 
5052 4993 
5053 572 
5054 15214 
5055 23841 
5056 7115 
5057 13967 
5058 5921 
5059 21589 
5060 12899 
5061 23324 
5062 2165 
5063 16268 
5064 5643 
5065 7864 
5066 8224 
5067 23493 
5068 23209 
5069 16069 
5070 19842 
5071 20139 
5072 17149 
5073 13085 
5074 8022 
5075 5536 
5076 22137 
5077 15558 
5078 7120 
5079 14632 
5080 7295 
5081 23129 
5082 21787 
5083 14004 
5084 7459 
5085 9865 
5086 766 
5087 12717 
5088 18325 
5089 13151 
5090 7241 
5091 16925 
5092 7329 
5093 11856 
5094 21315 
5095 15656 
5096 17573 
5097 4859 
5098 12843 
5099 23820 
5100 17406 
5101 10174 
5102 13623 
5103 21835 
5104 13640 
5105 1895 
5106 21009 
5107 3201 
5108 9134 
5109 2220 
5110 1715 
5111 19372 
5112 15847 
5113 9649 
5114 21931 
5115 12373 
5116 3304 
5117 7736 
5118 2675 
5119 797 
5120 16430 
5121 10624 
5122 5860 
5123 7119 
5124 20625 
5125 10428 
5126 80 
5127 21692 
5128 9669 
5129 14931 
5130 5739 
5131 10805 
5132 21510 
5133 23303 
5134 4725 
5135 21294 
5136 4822 
5137 14867 
5138 7126 
5139 7891 
5140 20705 
5141 17588 
5142 1467 
5143 12902 
5144 10334 
5145 21575 
5146 698 
5147 9697 
5148 1865 
5149 10375 
5150 14348 
5151 1841 
5152 17886 
5153 13072 
5154 9366 
5155 10469 
5156 2058 
5157 15168 
5158 22830 
5159 12764 
5160 22354 
5161 980 
5162 20555 
5163 23309 
5164 9000 
5165 7460 
5166 11693 
5167 19748 
5168 17006 
5169 12182 
5170 13150 
5171 5376 
5172 6801 
5173 6606 
5174 20390 
5175 4737 
5176 16311 
5177 10972 
5178 21466 
5179 4752 
5180 19053 
5181 5773 
5182 22982 
5183 978 
5184 15694 
5185 19246 
5186 10807 
5187 4829 
5188 16007 
5189 9767 
5190 11926 
5191 19911 
5192 1031 
5193 15562 
5194 19717 
5195 3456 
5196 20153 
5197 20939 
5198 17196 
5199 14049 
5200 22060 
5201 6515 
5202 20405 
5203 19997 
5204 1537 
5205 9854 
5206 4001 
5207 9062 
5208 15997 
5209 11587 
5210 2714 
5211 4945 
5212 19348 
5213 10390 
5214 16092 
5215 2524 
5216 18832 
5217 6604 
5218 10990 
5219 19544 
5220 9587 
5221 13103 
5222 21210 
5223 328 
5224 12475 
5225 1994 
5226 2051 
5227 2757 
5228 5259 
5229 16089 
5230 10734 
5231 17119 
5232 7724 
5233 22518 
5234 22510 
5235 350 
5236 22679 
5237 10980 
5238 17937 
5239 7989 
5240 23543 
5241 21597 
5242 19221 
5243 2409 
5244 6343 
5245 6644 
5246 23908 
5247 11865 
5248 5058 
5249 16020 
5250 8696 
5251 3984 
5252 378 
5253 9645 
5254 22975 
5255 17965 
5256 17797 
5257 16173 
5258 905 
5259 1129 
5260 10594 
5261 13599 
5262 14502 
5263 12826 
5264 2361 
5265 10166 
5266 14633 
5267 11372 
5268 17275 
5269 6506 
5270 1716 
5271 16476 
5272 22028 
5273 21171 
5274 6931 
5275 3317 
5276 5622 
5277 346 
5278 10689 
5279 243 
5280 9207 
5281 8508 
5282 5862 
5283 3470 
5284 7753 
5285 18913 
5286 23539 
5287 11558 
5288 13953 
5289 6766 
5290 8855 
5291 2109 
5292 19628 
5293 12548 
5294 1331 
5295 5414 
5296 19663 
5297 21514 
5298 18813 
5299 15926 
5300 14524 
5301 13051 
5302 8924 
5303 18706 
5304 20226 
5305 19917 
5306 5288 
5307 20231 
5308 18781 
5309 7316 
5310 15091 
5311 10255 
5312 5909 
5313 18097 
5314 10879 
5315 18847 
5316 21688 
5317 22190 
5318 23313 
5319 14667 
5320 3895 
5321 20729 
5322 14504 
5323 3842 
5324 363 
5325 4202 
5326 13955 
5327 4769 
5328 1411 
5329 7846 
5330 5901 
5331 23695 
5332 13747 
5333 10882 
5334 22577 
5335 10199 
5336 22805 
5337 17379 
5338 4514 
5339 12913 
5340 1534 
5341 14876 
5342 1815 
5343 639 
5344 15958 
5345 20785 
5346 16954 
5347 20308 
5348 6950 
5349 16525 
5350 22245 
5351 684 
5352 13671 
5353 23195 
5354 511 
5355 21247 
5356 12103 
5357 17464 
5358 15067 
5359 10136 
5360 1485 
5361 5584 
5362 14277 
5363 19755 
5364 1629 
5365 207 
5366 9361 
5367 3149 
5368 21102 
5369 1187 
5370 7189 
5371 21949 
5372 6373 
5373 6684 
5374 6529 
5375 8842 
5376 23762 
5377 1965 
5378 16631 
5379 7035 
5380 231 
5381 19502 
5382 14406 
5383 9480 
5384 16373 
5385 3226 
5386 8675 
5387 2223 
5388 1316 
5389 2053 
5390 12084 
5391 8844 
5392 10380 
5393 20143 
5394 9761 
5395 8780 
5396 3379 
5397 10752 
5398 12943 
5399 22246 
5400 20520 
5401 5743 
5402 20972 
5403 10263 
5404 13984 
5405 6799 
5406 8884 
5407 22757 
5408 13895 
5409 13697 
5410 15352 
5411 9216 
5412 10891 
5413 6438 
5414 12040 
5415 12849 
5416 9148 
5417 20778 
5418 4940 
5419 17351 
5420 11651 
5421 13998 
5422 1686 
5423 5111 
5424 13361 
5425 20916 
5426 13158 
5427 11085 
5428 14804 
5429 12142 
5430 991 
5431 12698 
5432 11622 
5433 4956 
5434 17898 
5435 14137 
5436 7048 
5437 15333 
5438 3216 
5439 23073 
5440 19492 
5441 7277 
5442 22334 
5443 14684 
5444 10393 
5445 20200 
5446 23155 
5447 20282 
5448 23501 
5449 20207 
5450 7008 
5451 15959 
5452 14231 
5453 23308 
5454 19019 
5455 17721 
5456 11445 
5457 23730 
5458 3081 
5459 17957 
5460 12151 
5461 16794 
5462 10214 
5463 9365 
5464 23346 
5465 1251 
5466 21740 
5467 2478 
5468 6090 
5469 12890 
5470 22194 
5471 18005 
5472 7617 
5473 8558 
5474 1874 
5475 13514 
5476 15251 
5477 217 
5478 11013 
5479 11943 
5480 16971 
5481 7384 
5482 7683 
5483 2006 
5484 7700 
5485 2777 
5486 4944 
5487 18448 
5488 14943 
5489 9949 
5490 10645 
5491 13133 
5492 2338 
5493 119 
5494 5659 
5495 14321 
5496 19410 
5497 13019 
5498 20851 
5499 18186 
5500 19233 
5501 12542 
5502 8548 
5503 21711 
5504 16182 
5505 1409 
5506 19209 
5507 1405 
5508 3744 
5509 9176 
5510 9336 
5511 6703 
5512 22107 
5513 12098 
5514 12986 
5515 18811 
5516 12652 
5517 13757 
5518 10597 
5519 15108 
5520 23216 
5521 21803 
5522 1406 
5523 11799 
5524 15686 
5525 3490 
5526 10007 
5527 2221 
5528 12345 
5529 154 
5530 10254 
5531 2043 
5532 10793 
5533 6650 
5534 12758 
5535 23425 
5536 4468 
5537 23675 
5538 12975 
5539 14809 
5540 3185 
5541 23042 
5542 17621 
5543 11836 
5544 430 
5545 11431 
5546 11470 
5547 6069 
5548 11594 
5549 4776 
5550 17740 
5551 2582 
5552 7984 
5553 14674 
5554 12702 
5555 19915 
5556 4848 
5557 14758 
5558 5707 
5559 7136 
5560 1378 
5561 20006 
5562 8989 
5563 23443 
5564 7018 
5565 1894 
5566 22642 
5567 11134 
5568 20974 
5569 13816 
5570 14928 
5571 20960 
5572 18553 
5573 5159 
5574 1328 
5575 20663 
5576 13493 
5577 2902 
5578 13665 
5579 19193 
5580 9206 
5581 21052 
5582 8787 
5583 18131 
5584 8913 
5585 22923 
5586 16137 
5587 7443 
5588 15975 
5589 7972 
5590 14412 
5591 10264 
5592 9251 
5593 9400 
5594 7727 
5595 18381 
5596 22813 
5597 23635 
5598 8974 
5599 23199 
5600 16754 
5601 9705 
5602 18383 
5603 9534 
5604 22651 
5605 18287 
5606 11575 
5607 13130 
5608 14336 
5609 3882 
5610 20685 
5611 19791 
5612 19068 
5613 4626 
5614 16065 
5615 8701 
5616 10178 
5617 228 
5618 15832 
5619 2799 
5620 18260 
5621 11305 
5622 17221 
5623 10085 
5624 6098 
5625 9084 
5626 9244 
5627 16456 
5628 5237 
5629 6081 
5630 15616 
5631 4082 
5632 10421 
5633 17232 
5634 19641 
5635 8482 
5636 8420 
5637 20544 
5638 238 
5639 16768 
5640 5407 
5641 4342 
5642 19590 
5643 982 
5644 15285 
5645 10129 
5646 13627 
5647 7308 
5648 16957 
5649 11892 
5650 13045 
5651 22683 
5652 18216 
5653 9273 
5654 8793 
5655 10022 
5656 1788 
5657 2681 
5658 6156 
5659 4699 
5660 15394 
5661 21355 
5662 317 
5663 2041 
5664 4269 
5665 23924 
5666 7207 
5667 19620 
5668 18053 
5669 23489 
5670 3998 
5671 4393 
5672 6904 
5673 2348 
5674 7484 
5675 20587 
5676 20941 
5677 20500 
5678 677 
5679 14359 
5680 19033 
5681 19572 
5682 2726 
5683 21196 
5684 5875 
5685 18196 
5686 11098 
5687 15077 
5688 20410 
5689 499 
5690 3415 
5691 3631 
5692 15658 
5693 15925 
5694 4931 
5695 2932 
5696 7296 
5697 5395 
5698 1200 
5699 22139 
5700 14463 
5701 5488 
5702 5721 
5703 16150 
5704 2719 
5705 20131 
5706 5728 
5707 7581 
5708 2692 
5709 8125 
5710 14501 
5711 17870 
5712 2969 
5713 10095 
5714 11374 
5715 934 
5716 8078 
5717 1538 
5718 16869 
5719 15776 
5720 18473 
5721 7218 
5722 2677 
5723 22735 
5724 9998 
5725 1082 
5726 15756 
5727 17638 
5728 6039 
5729 2365 
5730 3280 
5731 11895 
5732 17582 
5733 20166 
5734 14281 
5735 22647 
5736 12999 
5737 3419 
5738 23301 
5739 14040 
5740 8846 
5741 19738 
5742 5605 
5743 7654 
5744 13023 
5745 19756 
5746 11117 
5747 20635 
5748 23441 
5749 21959 
5750 18418 
5751 10266 
5752 519 
5753 22582 
5754 13535 
5755 20957 
5756 5960 
5757 18404 
5758 31 
5759 1640 
5760 10537 
5761 11688 
5762 22208 
5763 4692 
5764 18882 
5765 18190 
5766 21951 
5767 21788 
5768 6747 
5769 11304 
5770 16071 
5771 19577 
5772 1344 
5773 11395 
5774 6349 
5775 415 
5776 15074 
5777 1120 
5778 18046 
5779 8059 
5780 14417 
5781 7881 
5782 17931 
5783 10434 
5784 15372 
5785 20484 
5786 21087 
5787 12971 
5788 290 
5789 5555 
5790 617 
5791 2493 
5792 1362 
5793 16673 
5794 9651 
5795 17561 
5796 13229 
5797 11244 
5798 1801 
5799 17466 
5800 7355 
5801 23838 
5802 3646 
5803 19809 
5804 19071 
5805 13818 
5806 686 
5807 12722 
5808 8997 
5809 7167 
5810 21334 
5811 4391 
5812 21501 
5813 17403 
5814 1639 
5815 20687 
5816 21497 
5817 2197 
5818 12272 
5819 16605 
5820 19287 
5821 10674 
5822 10117 
5823 9166 
5824 8810 
5825 18689 
5826 16542 
5827 21520 
5828 16639 
5829 7217 
5830 7612 
5831 9054 
5832 4422 
5833 13775 
5834 7105 
5835 1645 
5836 20052 
5837 2485 
5838 13963 
5839 18568 
5840 9169 
5841 14511 
5842 15735 
5843 9444 
5844 21999 
5845 21622 
5846 3818 
5847 1191 
5848 2697 
5849 15831 
5850 11699 
5851 17862 
5852 21347 
5853 3227 
5854 15350 
5855 4158 
5856 8217 
5857 6443 
5858 22765 
5859 10976 
5860 7400 
5861 14059 
5862 1654 
5863 9895 
5864 23738 
5865 9110 
5866 22672 
5867 6427 
5868 6833 
5869 18293 
5870 19009 
5871 1762 
5872 3109 
5873 16915 
5874 22373 
5875 3656 
5876 6371 
5877 17314 
5878 8177 
5879 15536 
5880 19167 
5881 19508 
5882 9319 
5883 20954 
5884 20276 
5885 9867 
5886 23342 
5887 17919 
5888 2546 
5889 20699 
5890 1477 
5891 17813 
5892 23503 
5893 5036 
5894 6351 
5895 6624 
5896 1465 
5897 7735 
5898 4648 
5899 8744 
5900 23831 
5901 6350 
5902 5851 
5903 2114 
5904 23825 
5905 22820 
5906 2289 
5907 4451 
5908 21706 
5909 1039 
5910 7511 
5911 10899 
5912 14145 
5913 11103 
5914 19494 
5915 5241 
5916 18828 
5917 5087 
5918 14909 
5919 6926 
5920 19722 
5921 20575 
5922 12307 
5923 2349 
5924 21398 
5925 6124 
5926 10458 
5927 9071 
5928 6496 
5929 11059 
5930 23525 
5931 11705 
5932 8980 
5933 12204 
5934 11899 
5935 15604 
5936 21713 
5937 23685 
5938 3140 
5939 17095 
5940 9864 
5941 18695 
5942 16778 
5943 17843 
5944 16028 
5945 14740 
5946 14901 
5947 13310 
5948 6924 
5949 23183 
5950 13828 
5951 3359 
5952 10482 
5953 3175 
5954 23477 
5955 8477 
5956 23891 
5957 9291 
5958 8139 
5959 18175 
5960 13768 
5961 17554 
5962 19330 
5963 15271 
5964 14351 
5965 4955 
5966 14309 
5967 2217 
5968 11060 
5969 924 
5970 10392 
5971 8174 
5972 13722 
5973 17021 
5974 22452 
5975 6956 
5976 9050 
5977 11367 
5978 303 
5979 2515 
5980 10296 
5981 7137 
5982 993 
5983 11057 
5984 11678 
5985 12478 
5986 16636 
5987 2004 
5988 9450 
5989 9323 
5990 9969 
5991 12831 
5992 22583 
5993 16980 
5994 16404 
5995 9287 
5996 5284 
5997 8702 
5998 11577 
5999 20385 
