1.500000  1.896334  0.000000
17.000000  2.504481  0.100000
15.000000  2.963583  0.200000
17.000000  2.717042  0.300000
17.000000  3.212770  0.400000
17.000000  3.671012  0.500000
17.000000  4.110675  0.600000
17.000000  4.543266  0.700000
19.000000  4.095470  0.800000
13.000000  4.737875  0.900000
13.000000  4.934105  1.000000
13.000000  5.112527  1.100000
15.000000  4.358273  1.200000
15.000000  4.612189  1.300000
26.500000  3.928713  1.400000
15.000000  5.030311  1.500000
17.000000  4.267845  1.600000
17.000000  4.533512  1.700000
30.500000  3.849106  1.800000
31.000000  4.094518  1.900000
19.000000  4.186848  2.000000
19.000000  4.461778  2.100000
34.500000  3.786683  2.200000
35.000000  4.054825  2.300000
36.000000  3.240549  2.400000
21.000000  4.391151  2.500000
38.500000  3.728774  2.600000
39.000000  4.015649  2.700000
40.500000  3.182856  2.800000
23.000000  4.320620  2.900000
42.500000  3.673918  3.000000
43.000000  3.980035  3.100000
42.500000  4.153554  3.200000
44.000000  3.421458  3.300000
46.500000  3.619427  3.400000
47.000000  3.941445  3.500000
46.500000  4.127494  3.600000
48.000000  3.375051  3.700000
50.500000  3.564606  3.800000
51.000000  3.899439  3.900000
51.000000  4.101787  4.000000
52.000000  3.328594  4.100000
51.500000  3.589007  4.200000
55.000000  3.846570  4.300000
55.000000  4.079268  4.400000
56.500000  3.281614  4.500000
55.500000  3.548197  4.600000
59.000000  3.788900  4.700000
59.000000  4.052130  4.800000
60.500000  3.235428  4.900000
59.500000  3.507003  5.000000
62.500000  3.735603  5.100000
63.000000  4.018720  5.200000
64.500000  3.186918  5.300000
64.000000  3.466291  5.400000
66.500000  3.683197  5.500000
67.000000  3.984350  5.600000
66.500000  4.153353  5.700000
68.000000  3.424744  5.800000
70.500000  3.630206  5.900000
71.000000  3.948672  6.000000
70.500000  4.130595  6.100000
72.000000  3.381962  6.200000
74.500000  3.576575  6.300000
75.000000  3.909157  6.400000
74.679688  4.105754  6.500000
76.000000  3.337661  6.600000
75.500000  3.595671  6.700000
79.000000  3.859751  6.800000
79.000000  4.084389  6.900000
80.480469  3.291587  7.000000
79.500000  3.556369  7.100000
83.000000  3.802450  7.200000
83.000000  4.058904  7.300000
84.500000  3.246224  7.400000
83.500000  3.516077  7.500000
86.500000  3.747839  7.600000
87.000000  4.026703  7.700000
88.500000  3.198515  7.800000
88.000000  3.475722  7.900000
90.500000  3.695636  8.000000
91.000000  3.993184  8.100000
91.390625  3.709675  8.200000
92.000000  3.435057  8.300000
94.500000  3.643333  8.400000
95.000000  3.958357  8.500000
94.500000  4.137133  8.600000
96.000000  3.392920  8.700000
98.500000  3.589780  8.800000
99.000000  3.919956  8.900000
98.500000  4.112795  9.000000
100.000000  3.349063  9.100000
100.671875  3.578496  9.200000
103.000000  3.873263  9.300000
103.000000  4.090087  9.400000
104.000000  3.303089  9.500000
103.500000  3.566267  9.600000
107.000000  3.816280  9.700000
107.000000  4.065826  9.800000
108.500000  3.257600  9.900000
107.500000  3.526110  10.000000
110.500000  3.760472  10.100000
111.000000  4.035512  10.200000
112.500000  3.211206  10.300000
112.000000  3.486237  10.400000
114.500000  3.708962  10.500000
115.000000  4.002678  10.600000
116.500000  3.162099  10.700000
116.000000  3.446057  10.800000
118.500000  3.656597  10.900000
119.000000  3.967688  11.000000
118.500000  4.143478  11.100000
120.000000  3.403919  11.200000
122.500000  3.602903  11.300000
123.000000  3.929320  11.400000
122.500000  4.118655  11.500000
124.000000  3.359764  11.600000
126.500000  3.548487  11.700000
127.000000  3.885379  11.800000
127.000000  4.095378  11.900000
128.000000  3.314198  12.000000
127.500000  3.575743  12.100000
131.000000  3.830029  12.200000
131.000000  4.072769  12.300000
132.500000  3.269065  12.400000
131.500000  3.536089  12.500000
134.500000  3.773258  12.600000
135.000000  4.044782  12.700000
136.500000  3.223441  12.800000
136.000000  3.496510  12.900000
138.500000  3.721765  13.000000
139.000000  4.010944  13.100000
140.500000  3.174114  13.200000
140.000000  3.455942  13.300000
142.500000  3.668882  13.400000
143.000000  3.975021  13.500000
142.500000  4.147890  13.600000
144.000000  3.413477  13.700000
146.500000  3.615244  13.800000
147.000000  3.938212  13.900000
146.500000  4.124143  14.000000
148.000000  3.369895  14.100000
150.500000  3.561282  14.200000
151.000000  3.896636  14.300000
151.000000  4.100981  14.400000
152.000000  3.325276  14.500000
151.500000  3.585126  14.600000
155.000000  3.843984  14.700000
155.000000  4.080057  14.800000
156.500000  3.280786  14.900000
155.500000  3.546335  15.000000
159.000000  3.786993  15.100000
159.000000  4.052808  15.200000
160.500000  3.234878  15.300000
160.000000  3.506312  15.400000
162.500000  3.734064  15.500000
163.000000  4.017889  15.600000
164.500000  3.185512  15.700000
164.000000  3.465316  15.800000
166.500000  3.681237  15.900000
167.000000  3.983143  16.000000
166.500000  4.152808  16.100000
168.000000  3.423412  16.200000
170.500000  3.628130  16.300000
171.000000  3.947268  16.400000
170.500000  4.129801  16.500000
172.000000  3.380453  16.600000
174.500000  3.574490  16.700000
175.000000  3.907505  16.800000
175.000000  4.104915  16.900000
176.000000  3.336072  17.000000
175.500000  3.594336  17.100000
179.000000  3.857613  17.200000
179.000000  4.083559  17.300000
180.500000  3.290060  17.400000
179.500000  3.555015  17.500000
183.000000  3.800378  17.600000
183.000000  4.058215  17.700000
184.500000  3.245267  17.800000
183.500000  3.514980  17.900000
186.500000  3.746645  18.000000
187.000000  4.027291  18.100000
188.500000  3.198236  18.200000
188.000000  3.475469  18.300000
190.500000  3.694597  18.400000
191.000000  3.993233  18.500000
190.500000  4.159416  18.600000
192.000000  3.434564  18.700000
194.500000  3.641914  18.800000
195.000000  3.956837  18.900000
194.500000  4.136190  19.000000
196.000000  3.391740  19.100000
198.500000  3.588132  19.200000
199.000000  3.918212  19.300000
198.500000  4.111434  19.400000
200.000000  3.347536  19.500000
199.500000  3.604276  19.600000
203.000000  3.871642  19.700000
203.000000  4.089282  19.800000
204.000000  3.301718  19.900000
203.500000  3.565060  20.000000
207.000000  3.814785  20.100000
207.000000  4.064901  20.200000
208.500000  3.256276  20.300000
207.500000  3.524968  20.400000
210.500000  3.759033  20.500000
211.000000  4.034063  20.600000
212.500000  3.209188  20.700000
212.000000  3.484580  20.800000
214.500000  3.707042  20.900000
215.000000  4.000011  21.000000
216.500000  3.159333  21.100000
216.000000  3.443741  21.200000
218.500000  3.654463  21.300000
219.000000  3.965226  21.400000
218.500000  4.141790  21.500000
220.000000  3.402082  21.600000
222.500000  3.601834  21.700000
223.000000  3.929506  21.800000
222.500000  4.119424  21.900000
224.000000  3.359672  22.000000
226.500000  3.548588  22.100000
227.000000  3.885788  22.200000
227.000000  4.096790  22.300000
228.000000  3.314855  22.400000
227.500000  3.576258  22.500000
231.000000  3.829797  22.600000
231.000000  4.072208  22.700000
232.500000  3.268448  22.800000
