0 846 
1 2793 
2 3371 
3 3322 
4 2295 
5 88 
6 4701 
7 459 
8 2642 
9 1403 
10 3512 
11 1644 
12 4005 
13 3301 
14 815 
15 4020 
16 3009 
17 2198 
18 3157 
19 3284 
20 2597 
21 1085 
22 2873 
23 3370 
24 1601 
25 2085 
26 821 
27 995 
28 1935 
29 601 
30 704 
31 4749 
32 388 
33 2733 
34 2791 
35 1462 
36 1847 
37 3007 
38 1735 
39 4065 
40 1046 
41 3593 
42 4673 
43 638 
44 2706 
45 4129 
46 3443 
47 1581 
48 2987 
49 4516 
50 3783 
51 1934 
52 1648 
53 3640 
54 2845 
55 4700 
56 573 
57 321 
58 1234 
59 3890 
60 4106 
61 3268 
62 709 
63 1148 
64 2106 
65 1959 
66 673 
67 4601 
68 3909 
69 921 
70 725 
71 1175 
72 786 
73 2581 
74 4790 
75 1826 
76 1412 
77 1073 
78 4255 
79 1677 
80 3654 
81 2397 
82 1100 
83 2773 
84 1809 
85 3707 
86 583 
87 1228 
88 3637 
89 4185 
90 2091 
91 3033 
92 3270 
93 224 
94 1028 
95 4352 
96 3369 
97 1679 
98 132 
99 3706 
100 1031 
101 3848 
102 3021 
103 1851 
104 4067 
105 668 
106 332 
107 1742 
108 606 
109 599 
110 4019 
111 3367 
112 2996 
113 4743 
114 2399 
115 2754 
116 983 
117 106 
118 3915 
119 1219 
120 118 
121 265 
122 2227 
123 2656 
124 3506 
125 2650 
126 1649 
127 2666 
128 1439 
129 1155 
130 3222 
131 3338 
132 52 
133 1904 
134 4288 
135 4158 
136 3412 
137 4141 
138 4458 
139 1515 
140 3114 
141 3997 
142 3278 
143 3275 
144 3310 
145 1496 
146 1437 
147 3156 
148 1075 
149 4638 
150 4268 
151 826 
152 4409 
153 4236 
154 193 
155 2218 
156 4317 
157 4408 
158 3493 
159 769 
160 1952 
161 753 
162 3615 
163 2942 
164 1627 
165 2199 
166 252 
167 1837 
168 1921 
169 3378 
170 1432 
171 389 
172 1260 
173 3320 
174 2115 
175 4593 
176 1544 
177 3521 
178 3015 
179 4556 
180 4145 
181 1771 
182 1938 
183 1444 
184 3579 
185 3781 
186 4727 
187 3227 
188 2946 
189 2724 
190 721 
191 2904 
192 1619 
193 1356 
194 1662 
195 94 
196 1794 
197 3272 
198 318 
199 569 
200 4312 
201 2382 
202 1704 
203 4026 
204 2780 
205 1056 
206 4598 
207 31 
208 4322 
209 3979 
210 1876 
211 4001 
212 1459 
213 3166 
214 2349 
215 4714 
216 1768 
217 2568 
218 2823 
219 4464 
220 2172 
221 161 
222 3704 
223 2191 
224 2175 
225 2392 
226 3681 
227 24 
228 2865 
229 2594 
230 1241 
231 1541 
232 4226 
233 3316 
234 1865 
235 1069 
236 1029 
237 2971 
238 1109 
239 2108 
240 183 
241 1641 
242 2481 
243 2240 
244 4351 
245 581 
246 768 
247 855 
248 511 
249 143 
250 2585 
251 128 
252 1392 
253 4032 
254 2018 
255 776 
256 1424 
257 1157 
258 2734 
259 1547 
260 4622 
261 1680 
262 688 
263 4198 
264 2326 
265 2915 
266 3863 
267 1061 
268 784 
269 1698 
270 1438 
271 3092 
272 2989 
273 4769 
274 643 
275 3081 
276 2539 
277 2835 
278 960 
279 3020 
280 2991 
281 3171 
282 1658 
283 4530 
284 1406 
285 3044 
286 4243 
287 1557 
288 2037 
289 2598 
290 1389 
291 3143 
292 3884 
293 689 
294 1461 
295 1319 
296 4461 
297 586 
298 1485 
299 2004 
300 2302 
301 1482 
302 3251 
303 112 
304 795 
305 1208 
306 2637 
307 1634 
308 2576 
309 1928 
310 2967 
311 2272 
312 3003 
313 3986 
314 3680 
315 1972 
316 4775 
317 3335 
318 2809 
319 2258 
320 4278 
321 2080 
322 518 
323 1344 
324 2407 
325 2920 
326 3578 
327 1229 
328 875 
329 4277 
330 3555 
331 2554 
332 3188 
333 314 
334 3963 
335 3951 
336 3580 
337 1104 
338 3984 
339 2719 
340 3740 
341 2669 
342 2147 
343 478 
344 2146 
345 1537 
346 3843 
347 1336 
348 3191 
349 2516 
350 228 
351 1857 
352 3047 
353 974 
354 1142 
355 139 
356 2350 
357 3218 
358 3653 
359 2181 
360 362 
361 1889 
362 4299 
363 2626 
364 4429 
365 2308 
366 1201 
367 3641 
368 692 
369 121 
370 1353 
371 2861 
372 3908 
373 4696 
374 19 
375 1543 
376 2934 
377 3519 
378 2526 
379 95 
380 4176 
381 2478 
382 2722 
383 4722 
384 164 
385 3726 
386 147 
387 365 
388 2901 
389 3780 
390 167 
391 3345 
392 447 
393 3505 
394 453 
395 3307 
396 2803 
397 854 
398 273 
399 424 
400 2365 
401 1304 
402 2519 
403 4465 
404 3828 
405 178 
406 508 
407 654 
408 3346 
409 2239 
410 349 
411 4674 
412 2030 
413 1625 
414 66 
415 4051 
416 3771 
417 3752 
418 2876 
419 3666 
420 4248 
421 4766 
422 948 
423 3438 
424 3148 
425 1741 
426 4095 
427 4588 
428 1386 
429 574 
430 1607 
431 1279 
432 4443 
433 3557 
434 3478 
435 4617 
436 962 
437 2787 
438 840 
439 2190 
440 2419 
441 1933 
442 268 
443 1404 
444 2510 
445 905 
446 10 
447 3857 
448 1848 
449 2238 
450 2577 
451 2013 
452 4645 
453 3311 
454 861 
455 136 
456 4792 
457 3213 
458 864 
459 1835 
460 1188 
461 3465 
462 2593 
463 3852 
464 2317 
465 4131 
466 745 
467 4564 
468 4062 
469 2840 
470 1762 
471 3351 
472 2274 
473 2228 
474 841 
475 3423 
476 3057 
477 3098 
478 1338 
479 134 
480 1166 
481 3100 
482 1752 
483 2929 
484 1824 
485 1854 
486 3611 
487 3002 
488 3659 
489 345 
490 678 
491 2566 
492 3038 
493 1911 
494 3799 
495 2689 
496 2271 
497 3135 
498 433 
499 4122 
500 2889 
501 4591 
502 3501 
503 3656 
504 1610 
505 2677 
506 3983 
507 2204 
508 101 
509 1598 
510 1984 
511 2371 
512 62 
513 487 
514 3620 
515 56 
516 2755 
517 1624 
518 133 
519 945 
520 2530 
521 2164 
522 4340 
523 4705 
524 1394 
525 897 
526 1339 
527 3403 
528 1613 
529 4651 
530 2824 
531 4578 
532 2514 
533 212 
534 3742 
535 1423 
536 1095 
537 2654 
538 4178 
539 2843 
540 2739 
541 442 
542 1169 
543 1592 
544 835 
545 3071 
546 634 
547 3286 
548 4626 
549 4028 
550 3883 
551 247 
552 3099 
553 1604 
554 170 
555 1245 
556 483 
557 789 
558 617 
559 790 
560 3462 
561 1491 
562 2790 
563 837 
564 257 
565 1582 
566 748 
567 4186 
568 2474 
569 1754 
570 2620 
571 2667 
572 3276 
573 3759 
574 2441 
575 938 
576 4498 
577 46 
578 3426 
579 226 
580 3879 
581 1842 
582 454 
583 2683 
584 3154 
585 429 
586 1072 
587 3163 
588 3051 
589 3803 
590 2100 
591 899 
592 3460 
593 1591 
594 1298 
595 3387 
596 2766 
597 4513 
598 2970 
599 1526 
600 4056 
601 3259 
602 1372 
603 1120 
604 1836 
605 2680 
606 1141 
607 862 
608 3231 
609 2759 
610 4192 
611 1790 
612 4239 
613 3900 
614 2144 
615 1942 
616 205 
617 2715 
618 4173 
619 1096 
620 936 
621 1807 
622 188 
623 524 
624 4771 
625 1065 
626 3212 
627 4187 
628 2729 
629 2071 
630 4284 
631 279 
632 2572 
633 2602 
634 4327 
635 629 
636 549 
637 2276 
638 2879 
639 3273 
640 3819 
641 2249 
642 880 
643 3661 
644 3918 
645 2897 
646 3249 
647 3354 
648 3466 
649 393 
650 1611 
651 4718 
652 1127 
653 1374 
654 2702 
655 690 
656 2343 
657 647 
658 4660 
659 2148 
660 1269 
661 1888 
662 667 
663 1022 
664 2160 
665 3594 
666 621 
667 4257 
668 1542 
669 4077 
670 2296 
671 1024 
672 2599 
673 566 
674 4000 
675 3332 
676 2995 
677 1915 
678 2499 
679 352 
680 3934 
681 1172 
682 968 
683 3208 
684 3962 
685 4580 
686 1861 
687 529 
688 3142 
689 1373 
690 2005 
691 4469 
692 3786 
693 4573 
694 723 
695 4589 
696 468 
697 3472 
698 4237 
699 1377 
700 263 
701 3065 
702 2862 
703 4405 
704 2440 
705 432 
706 1124 
707 444 
708 924 
709 791 
710 1789 
711 2415 
712 693 
713 1685 
714 4108 
715 2960 
716 2903 
717 4053 
718 989 
719 4560 
720 1317 
721 1284 
722 2958 
723 4038 
724 3967 
725 1534 
726 4512 
727 4043 
728 4389 
729 196 
730 3875 
731 3476 
732 4671 
733 2462 
734 485 
735 4482 
736 2138 
737 92 
738 386 
739 4628 
740 2473 
741 4579 
742 2354 
743 966 
744 2363 
745 874 
746 2384 
747 2116 
748 754 
749 4797 
750 1548 
751 1058 
752 4081 
753 4034 
754 3808 
755 3400 
756 3663 
757 4753 
758 3414 
759 3774 
760 1863 
761 70 
762 4551 
763 2410 
764 35 
765 1578 
766 4606 
767 775 
768 37 
769 242 
770 3563 
771 3660 
772 98 
773 3381 
774 2157 
775 1333 
776 1587 
777 4102 
778 611 
779 2131 
780 2394 
781 2262 
782 4174 
783 1178 
784 372 
785 2465 
786 1650 
787 3650 
788 3077 
789 1017 
790 2051 
791 2866 
792 3145 
793 3500 
794 493 
795 1920 
796 1902 
797 1211 
798 3379 
799 1021 
800 3673 
801 2209 
802 1898 
803 2497 
804 2955 
805 852 
806 1498 
807 3795 
808 3383 
809 3710 
810 1914 
811 1975 
812 3417 
813 1749 
814 1727 
815 1779 
816 3019 
817 2430 
818 888 
819 3531 
820 3829 
821 2002 
822 2412 
823 896 
824 1387 
825 2574 
826 2024 
827 4540 
828 1083 
829 2167 
830 961 
831 2341 
832 2624 
833 3165 
834 2997 
835 1321 
836 337 
837 2076 
838 1726 
839 1570 
840 2869 
841 1980 
842 4059 
843 3824 
844 2747 
845 3101 
846 1751 
847 628 
848 1678 
849 744 
850 1340 
851 564 
852 1792 
853 1916 
854 2552 
855 1089 
856 4715 
857 3599 
858 2969 
859 3326 
860 1576 
861 3220 
862 1873 
863 1334 
864 1054 
865 26 
866 2358 
867 4448 
868 396 
869 4668 
870 189 
871 3624 
872 3602 
873 1687 
874 1308 
875 2421 
876 2500 
877 2617 
878 1463 
879 3693 
880 2247 
881 1963 
882 1063 
883 1657 
884 1359 
885 6 
886 4742 
887 2032 
888 2771 
889 300 
890 1079 
891 4247 
892 2329 
893 4180 
894 1335 
895 3687 
896 842 
897 2291 
898 1922 
899 2489 
900 506 
901 1997 
902 1415 
903 2035 
904 1909 
905 4132 
906 3818 
907 3944 
908 1838 
909 1225 
910 4709 
911 917 
912 329 
913 4670 
914 3669 
915 1476 
916 2007 
917 1038 
918 3025 
919 271 
920 590 
921 2694 
922 2827 
923 3291 
924 503 
925 2182 
926 3711 
927 67 
928 3961 
929 2916 
930 4756 
931 3490 
932 4600 
933 2535 
934 1049 
935 1310 
936 4279 
937 343 
938 3856 
939 2374 
940 436 
941 2495 
942 4096 
943 1743 
944 793 
945 4127 
946 4649 
947 4240 
948 873 
949 3368 
950 1773 
951 2638 
952 2454 
953 3990 
954 1795 
955 1348 
956 4300 
957 4157 
958 461 
959 4002 
960 91 
961 4296 
962 2797 
963 2064 
964 728 
965 4374 
966 3264 
967 4609 
968 694 
969 408 
970 3408 
971 4263 
972 3489 
973 4382 
974 4548 
975 4105 
976 3623 
977 1018 
978 57 
979 3080 
980 739 
981 2234 
982 4194 
983 2398 
984 3483 
985 3746 
986 1999 
987 2253 
988 2113 
989 465 
990 3896 
991 2612 
992 4361 
993 502 
994 1448 
995 2948 
996 2231 
997 3700 
998 2939 
999 2634 
1000 2395 
1001 1135 
1002 973 
1003 4543 
1004 246 
1005 1523 
1006 911 
1007 2259 
1008 4309 
1009 4344 
1010 307 
1011 1495 
1012 3237 
1013 3606 
1014 4430 
1015 4661 
1016 4623 
1017 3333 
1018 347 
1019 270 
1020 1003 
1021 3546 
1022 1411 
1023 316 
1024 1841 
1025 2438 
1026 1978 
1027 1331 
1028 1422 
1029 1002 
1030 1295 
1031 3174 
1032 4369 
1033 4049 
1034 3583 
1035 3089 
1036 4531 
1037 1734 
1038 2586 
1039 312 
1040 2894 
1041 2950 
1042 3052 
1043 3484 
1044 3891 
1045 1062 
1046 3233 
1047 3430 
1048 278 
1049 2273 
1050 1246 
1051 1316 
1052 964 
1053 2601 
1054 3195 
1055 208 
1056 2344 
1057 2685 
1058 2807 
1059 1552 
1060 4221 
1061 684 
1062 458 
1063 738 
1064 3607 
1065 4553 
1066 4497 
1067 1205 
1068 2731 
1069 3377 
1070 1238 
1071 1379 
1072 2055 
1073 2369 
1074 4045 
1075 3996 
1076 3150 
1077 141 
1078 2330 
1079 2672 
1080 1869 
1081 4500 
1082 1993 
1083 3308 
1084 792 
1085 1428 
1086 3390 
1087 891 
1088 1517 
1089 3169 
1090 2580 
1091 291 
1092 1314 
1093 819 
1094 1274 
1095 4459 
1096 2693 
1097 1787 
1098 4021 
1099 2662 
1100 736 
1101 3823 
1102 330 
1103 3749 
1104 2858 
1105 2129 
1106 3240 
1107 3978 
1108 1402 
1109 2464 
1110 3431 
1111 4726 
1112 3355 
1113 3691 
1114 2893 
1115 2112 
1116 916 
1117 3178 
1118 390 
1119 25 
1120 4748 
1121 3060 
1122 1048 
1123 3760 
1124 4633 
1125 2303 
1126 4115 
1127 4235 
1128 2810 
1129 4182 
1130 4567 
1131 3329 
1132 451 
1133 2533 
1134 1661 
1135 1244 
1136 289 
1137 4731 
1138 1013 
1139 40 
1140 2556 
1141 1982 
1142 878 
1143 2717 
1144 4321 
1145 2830 
1146 3507 
1147 1429 
1148 379 
1149 4080 
1150 1192 
1151 4404 
1152 4050 
1153 636 
1154 777 
1155 3238 
1156 374 
1157 4325 
1158 1744 
1159 448 
1160 914 
1161 703 
1162 3688 
1163 1760 
1164 2875 
1165 3761 
1166 3027 
1167 480 
1168 43 
1169 3441 
1170 2057 
1171 3927 
1172 3766 
1173 2622 
1174 4717 
1175 729 
1176 3347 
1177 3096 
1178 1398 
1179 3784 
1180 2376 
1181 4365 
1182 4779 
1183 2267 
1184 2096 
1185 2283 
1186 773 
1187 596 
1188 1919 
1189 3631 
1190 3847 
1191 1266 
1192 1718 
1193 4666 
1194 1689 
1195 4721 
1196 4565 
1197 2713 
1198 3202 
1199 3364 
15 
