0  2956134100  
1 2956134149 
2 2956134198 
3 2956134247 
4 2956134296 
5 2956134345 
6 2956134394 
7 2956134443 
8 2956134492 
9 2956134541 
10 2956134590 
11 2956134639 
12 2956134688 
13 2956134737 
14 2956134786 
15 2956134835 
16 2956134884 
17 2956134933 
18 2956134982 
19 2956135031 
20 2956135080 
21 2956135129 
22 2956135178 
23 2956135227 
24 2956135276 
25 2956135325 
26 2956135374 
27 2956135423 
28 2956135472 
29 2956135521 
30 2956135570 
31 2956135619 
32 2956135668 
33 2956135717 
34 2956135766 
35 2956135815 
36 2956135864 
37 2956135913 
38 2956135962 
39 2956136011 
40 2956136060 
41 2956136109 
42 2956136158 
43 2956136207 
44 2956136256 
45 2956136305 
46 2956136354 
47 2956136403 
