Average_position , Time

1155.450000 254.000000

 Positions

1  1158.000000 0.362492
2  1158.000000 0.362355
3  1158.000000 0.361930
4  1158.000000 0.361229
5  1158.000000 0.360234
6  1158.000000 0.358954
7  1158.000000 0.357361
8  1158.000000 0.355446
9  1158.000000 0.353232
10  1158.000000 0.350709
11  1158.000000 0.347828
12  1158.000000 0.344564
13  1158.000000 0.340895
14  1158.000000 0.336838
15  1158.000000 0.332368
16  1158.000000 0.327396
17  1158.000000 0.321860
18  1158.000000 0.315692
19  1158.000000 0.308884
20  1158.000000 0.301213
21  1157.000000 0.474799
22  1157.000000 0.470417
23  1157.000000 0.465778
24  1157.000000 0.460870
25  1157.000000 0.455687
26  1157.000000 0.450219
27  1157.000000 0.444454
28  1157.000000 0.438377
29  1157.000000 0.431975
30  1157.000000 0.425232
31  1157.000000 0.418123
32  1157.000000 0.410619
33  1157.000000 0.402685
34  1157.000000 0.394283
35  1157.000000 0.385363
36  1157.000000 0.375839
37  1157.000000 0.365632
38  1157.000000 0.354606
39  1157.000000 0.342595
40  1157.000000 0.329271
41  1157.000000 0.314328
42  1156.000000 0.476387
43  1156.000000 0.467068
44  1156.000000 0.457476
45  1156.000000 0.447482
46  1156.000000 0.437051
47  1156.000000 0.426140
48  1156.000000 0.414695
49  1156.000000 0.402646
50  1156.000000 0.389887
51  1156.000000 0.376266
52  1156.000000 0.361575
53  1156.000000 0.345466
54  1156.000000 0.327444
55  1156.000000 0.306370
56  1155.000000 0.468587
57  1155.000000 0.456159
58  1155.000000 0.443287
59  1155.000000 0.429880
60  1155.000000 0.415858
61  1155.000000 0.401112
62  1155.000000 0.385487
63  1155.000000 0.368738
64  1155.000000 0.350478
65  1155.000000 0.330041
66  1155.000000 0.305899
67  1154.000000 0.466282
68  1154.000000 0.452140
69  1154.000000 0.437578
70  1154.000000 0.422484
71  1154.000000 0.406764
72  1154.000000 0.390280
73  1154.000000 0.372814
74  1154.000000 0.353973
75  1154.000000 0.333172
76  1154.000000 0.309152
77  1153.000000 0.467924
78  1153.000000 0.453949
79  1153.000000 0.439851
80  1153.000000 0.425540
81  1153.000000 0.410987
82  1153.000000 0.396143
83  1153.000000 0.380939
84  1153.000000 0.365270
85  1153.000000 0.348964
86  1153.000000 0.331755
87  1153.000000 0.313293
88  1152.000000 0.474466
89  1152.000000 0.464715
90  1152.000000 0.455557
91  1152.000000 0.446954
92  1152.000000 0.438974
93  1152.000000 0.431690
94  1152.000000 0.425175
95  1152.000000 0.419501
96  1152.000000 0.414741
97  1152.000000 0.410958
98  1152.000000 0.408213
99  1152.000000 0.406552
100  1152.000000 0.405995
