Average_position , Time

1154.280000 252.000000

 Positions

1  1157.000000 0.329337
2  1157.000000 0.329180
3  1157.000000 0.328661
4  1157.000000 0.327822
5  1157.000000 0.326611
6  1157.000000 0.325065
7  1157.000000 0.323118
8  1157.000000 0.320752
9  1157.000000 0.318012
10  1157.000000 0.314880
11  1157.000000 0.311184
12  1157.000000 0.307107
13  1157.000000 0.302357
14  1156.000000 0.476963
15  1156.000000 0.474126
16  1156.000000 0.471060
17  1156.000000 0.467759
18  1156.000000 0.464216
19  1156.000000 0.460427
20  1156.000000 0.456386
21  1156.000000 0.452084
22  1156.000000 0.447515
23  1156.000000 0.442669
24  1156.000000 0.437532
25  1156.000000 0.432095
26  1156.000000 0.426345
27  1156.000000 0.420264
28  1156.000000 0.413829
29  1156.000000 0.407017
30  1156.000000 0.399802
31  1156.000000 0.392138
32  1156.000000 0.383990
33  1156.000000 0.375292
34  1156.000000 0.365960
35  1156.000000 0.355888
36  1156.000000 0.344958
37  1156.000000 0.332942
38  1156.000000 0.319542
39  1156.000000 0.304185
40  1155.000000 0.471478
41  1155.000000 0.462627
42  1155.000000 0.453413
43  1155.000000 0.443795
44  1155.000000 0.433742
45  1155.000000 0.423215
46  1155.000000 0.412161
47  1155.000000 0.400502
48  1155.000000 0.388143
49  1155.000000 0.374944
50  1155.000000 0.360706
51  1155.000000 0.345105
52  1155.000000 0.327684
53  1155.000000 0.307445
54  1154.000000 0.469555
55  1154.000000 0.457508
56  1154.000000 0.445032
57  1154.000000 0.432034
58  1154.000000 0.418444
59  1154.000000 0.404163
60  1154.000000 0.389054
61  1154.000000 0.372890
62  1154.000000 0.355343
63  1154.000000 0.335813
64  1154.000000 0.313310
65  1153.000000 0.470490
66  1153.000000 0.456535
67  1153.000000 0.442231
68  1153.000000 0.427400
69  1153.000000 0.411950
70  1153.000000 0.395752
71  1153.000000 0.378613
72  1153.000000 0.360212
73  1153.000000 0.340013
74  1153.000000 0.317068
75  1152.000000 0.472035
76  1152.000000 0.457756
77  1152.000000 0.443395
78  1152.000000 0.428749
79  1152.000000 0.413772
80  1152.000000 0.398403
81  1152.000000 0.382548
82  1152.000000 0.366039
83  1152.000000 0.348609
84  1152.000000 0.329920
85  1152.000000 0.309301
86  1151.000000 0.471005
87  1151.000000 0.460029
88  1151.000000 0.449459
89  1151.000000 0.439290
90  1151.000000 0.429585
91  1151.000000 0.420418
92  1151.000000 0.411869
93  1151.000000 0.404016
94  1151.000000 0.396946
95  1151.000000 0.390752
96  1151.000000 0.385512
97  1151.000000 0.381318
98  1151.000000 0.378261
99  1151.000000 0.376392
100  1151.000000 0.375763
