Average_position , Time

1158.920000 260.000000

 Positions

1  1161.000000 0.441322
2  1161.000000 0.441213
3  1161.000000 0.440885
4  1161.000000 0.440338
5  1161.000000 0.439570
6  1161.000000 0.438580
7  1161.000000 0.437365
8  1161.000000 0.435923
9  1161.000000 0.434247
10  1161.000000 0.432335
11  1161.000000 0.430185
12  1161.000000 0.427795
13  1161.000000 0.425160
14  1161.000000 0.422273
15  1161.000000 0.419126
16  1161.000000 0.415708
17  1161.000000 0.412019
18  1161.000000 0.408041
19  1161.000000 0.403769
20  1161.000000 0.399189
21  1161.000000 0.394271
22  1161.000000 0.389009
23  1161.000000 0.383380
24  1161.000000 0.377333
25  1161.000000 0.370849
26  1161.000000 0.363873
27  1161.000000 0.356344
28  1161.000000 0.348208
29  1161.000000 0.339342
30  1161.000000 0.329601
31  1161.000000 0.318795
32  1161.000000 0.306626
33  1160.000000 0.474642
34  1160.000000 0.467525
35  1160.000000 0.460111
36  1160.000000 0.452361
37  1160.000000 0.444254
38  1160.000000 0.435767
39  1160.000000 0.426873
40  1160.000000 0.417540
41  1160.000000 0.407721
42  1160.000000 0.397349
43  1160.000000 0.386350
44  1160.000000 0.374608
45  1160.000000 0.361964
46  1160.000000 0.348208
47  1160.000000 0.332977
48  1160.000000 0.315737
49  1159.000000 0.475469
50  1159.000000 0.464610
51  1159.000000 0.453468
52  1159.000000 0.441873
53  1159.000000 0.429775
54  1159.000000 0.417112
55  1159.000000 0.403794
56  1159.000000 0.389704
57  1159.000000 0.374658
58  1159.000000 0.358362
59  1159.000000 0.340406
60  1159.000000 0.320027
61  1158.000000 0.475207
62  1158.000000 0.461950
63  1158.000000 0.448464
64  1158.000000 0.434481
65  1158.000000 0.419922
66  1158.000000 0.404682
67  1158.000000 0.388604
68  1158.000000 0.371453
69  1158.000000 0.352864
70  1158.000000 0.332191
71  1158.000000 0.308023
72  1157.000000 0.467206
73  1157.000000 0.452996
74  1157.000000 0.438490
75  1157.000000 0.423583
76  1157.000000 0.408204
77  1157.000000 0.392243
78  1157.000000 0.375534
79  1157.000000 0.357834
80  1157.000000 0.338713
81  1157.000000 0.317520
82  1156.000000 0.473999
83  1156.000000 0.461426
84  1156.000000 0.449126
85  1156.000000 0.436955
86  1156.000000 0.424942
87  1156.000000 0.413121
88  1156.000000 0.401530
89  1156.000000 0.390219
90  1156.000000 0.379233
91  1156.000000 0.368649
92  1156.000000 0.358546
93  1156.000000 0.349011
94  1156.000000 0.340152
95  1156.000000 0.332183
96  1156.000000 0.325245
97  1156.000000 0.319622
98  1156.000000 0.315378
99  1156.000000 0.312787
100  1156.000000 0.311887
