Average_position , Time

1156.610000 256.000000

 Positions

1  1159.000000 0.391053
2  1159.000000 0.390929
3  1159.000000 0.390553
4  1159.000000 0.389927
5  1159.000000 0.389045
6  1159.000000 0.387907
7  1159.000000 0.386500
8  1159.000000 0.384821
9  1159.000000 0.382880
10  1159.000000 0.380670
11  1159.000000 0.378168
12  1159.000000 0.375361
13  1159.000000 0.372249
14  1159.000000 0.368808
15  1159.000000 0.365017
16  1159.000000 0.360875
17  1159.000000 0.356342
18  1159.000000 0.351402
19  1159.000000 0.345971
20  1159.000000 0.340085
21  1159.000000 0.333591
22  1159.000000 0.326480
23  1159.000000 0.318618
24  1159.000000 0.309866
25  1159.000000 0.300036
26  1158.000000 0.473028
27  1158.000000 0.467506
28  1158.000000 0.461701
29  1158.000000 0.455600
30  1158.000000 0.449189
31  1158.000000 0.442457
32  1158.000000 0.435387
33  1158.000000 0.427958
34  1158.000000 0.420142
35  1158.000000 0.411912
36  1158.000000 0.403227
37  1158.000000 0.394034
38  1158.000000 0.384264
39  1158.000000 0.373833
40  1158.000000 0.362634
41  1158.000000 0.350482
42  1158.000000 0.337121
43  1158.000000 0.322185
44  1158.000000 0.305030
45  1157.000000 0.470663
46  1157.000000 0.460677
47  1157.000000 0.450304
48  1157.000000 0.439487
49  1157.000000 0.428184
50  1157.000000 0.416340
51  1157.000000 0.403879
52  1157.000000 0.390688
53  1157.000000 0.376612
54  1157.000000 0.361437
55  1157.000000 0.344753
56  1157.000000 0.326018
57  1157.000000 0.303942
58  1156.000000 0.466952
59  1156.000000 0.454157
60  1156.000000 0.440899
61  1156.000000 0.427092
62  1156.000000 0.412650
63  1156.000000 0.397450
64  1156.000000 0.381316
65  1156.000000 0.363954
66  1156.000000 0.344910
67  1156.000000 0.323445
68  1155.000000 0.476109
69  1155.000000 0.461887
70  1155.000000 0.447563
71  1155.000000 0.432797
72  1155.000000 0.417504
73  1155.000000 0.401591
74  1155.000000 0.384901
75  1155.000000 0.367187
76  1155.000000 0.348028
77  1155.000000 0.326814
78  1155.000000 0.301910
79  1154.000000 0.464605
80  1154.000000 0.451028
81  1154.000000 0.437362
82  1154.000000 0.423582
83  1154.000000 0.409678
84  1154.000000 0.395639
85  1154.000000 0.381420
86  1154.000000 0.366966
87  1154.000000 0.352173
88  1154.000000 0.336995
89  1154.000000 0.321287
90  1154.000000 0.304742
91  1153.000000 0.472160
92  1153.000000 0.464584
93  1153.000000 0.457712
94  1153.000000 0.451591
95  1153.000000 0.446282
96  1153.000000 0.441841
97  1153.000000 0.438323
98  1153.000000 0.435776
99  1153.000000 0.434236
100  1153.000000 0.433720
