Average_position , Time

1155.990000 255.000000

 Positions

1  1158.000000 0.457072
2  1158.000000 0.456966
3  1158.000000 0.456647
4  1158.000000 0.456115
5  1158.000000 0.455367
6  1158.000000 0.454402
7  1158.000000 0.453217
8  1158.000000 0.451811
9  1158.000000 0.450184
10  1158.000000 0.448334
11  1158.000000 0.446254
12  1158.000000 0.443937
13  1158.000000 0.441383
14  1158.000000 0.438590
15  1158.000000 0.435554
16  1158.000000 0.432264
17  1158.000000 0.428710
18  1158.000000 0.424885
19  1158.000000 0.420784
20  1158.000000 0.416396
21  1158.000000 0.411706
22  1158.000000 0.406695
23  1158.000000 0.401354
24  1158.000000 0.395664
25  1158.000000 0.389585
26  1158.000000 0.383098
27  1158.000000 0.376159
28  1158.000000 0.368717
29  1158.000000 0.360721
30  1158.000000 0.352053
31  1158.000000 0.342640
32  1158.000000 0.332319
33  1158.000000 0.320929
34  1158.000000 0.308041
35  1157.000000 0.474816
36  1157.000000 0.467186
37  1157.000000 0.459257
38  1157.000000 0.450975
39  1157.000000 0.442318
40  1157.000000 0.433257
41  1157.000000 0.423760
42  1157.000000 0.413783
43  1157.000000 0.403268
44  1157.000000 0.392141
45  1157.000000 0.380304
46  1157.000000 0.367596
47  1157.000000 0.353840
48  1157.000000 0.338666
49  1157.000000 0.321639
50  1157.000000 0.301579
51  1156.000000 0.467400
52  1156.000000 0.456018
53  1156.000000 0.444188
54  1156.000000 0.431852
55  1156.000000 0.418945
56  1156.000000 0.405385
57  1156.000000 0.391045
58  1156.000000 0.375728
59  1156.000000 0.359150
60  1156.000000 0.340855
61  1156.000000 0.320158
62  1155.000000 0.474981
63  1155.000000 0.461471
64  1155.000000 0.447732
65  1155.000000 0.433486
66  1155.000000 0.418648
67  1155.000000 0.403111
68  1155.000000 0.386713
69  1155.000000 0.369197
70  1155.000000 0.350160
71  1155.000000 0.328893
72  1155.000000 0.303631
73  1154.000000 0.464808
74  1154.000000 0.450465
75  1154.000000 0.435801
76  1154.000000 0.420739
77  1154.000000 0.405211
78  1154.000000 0.389101
79  1154.000000 0.372231
80  1154.000000 0.354324
81  1154.000000 0.334984
82  1154.000000 0.313438
83  1153.000000 0.471866
84  1153.000000 0.459548
85  1153.000000 0.447492
86  1153.000000 0.435618
87  1153.000000 0.423966
88  1153.000000 0.412585
89  1153.000000 0.401528
90  1153.000000 0.390857
91  1153.000000 0.380619
92  1153.000000 0.370902
93  1153.000000 0.361820
94  1153.000000 0.353488
95  1153.000000 0.346029
96  1153.000000 0.339611
97  1153.000000 0.334349
98  1153.000000 0.330474
99  1153.000000 0.328118
100  1153.000000 0.327308
