Average_position , Time

1157.130000 257.000000

 Positions

1  1160.000000 0.302192
2  1160.000000 0.302012
3  1160.000000 0.301375
4  1160.000000 0.300369
5  1159.000000 0.477913
6  1159.000000 0.476985
7  1159.000000 0.475848
8  1159.000000 0.474499
9  1159.000000 0.472939
10  1159.000000 0.471165
11  1159.000000 0.469173
12  1159.000000 0.466959
13  1159.000000 0.464520
14  1159.000000 0.461851
15  1159.000000 0.458949
16  1159.000000 0.455810
17  1159.000000 0.452428
18  1159.000000 0.448798
19  1159.000000 0.444911
20  1159.000000 0.440762
21  1159.000000 0.436340
22  1159.000000 0.431636
23  1159.000000 0.426637
24  1159.000000 0.421332
25  1159.000000 0.415708
26  1159.000000 0.409742
27  1159.000000 0.403411
28  1159.000000 0.396688
29  1159.000000 0.389548
30  1159.000000 0.381943
31  1159.000000 0.373813
32  1159.000000 0.365083
33  1159.000000 0.355663
34  1159.000000 0.345453
35  1159.000000 0.334258
36  1159.000000 0.321824
37  1159.000000 0.307747
38  1158.000000 0.473911
39  1158.000000 0.465588
40  1158.000000 0.456946
41  1158.000000 0.447926
42  1158.000000 0.438502
43  1158.000000 0.428640
44  1158.000000 0.418301
45  1158.000000 0.407427
46  1158.000000 0.395940
47  1158.000000 0.383736
48  1158.000000 0.370676
49  1158.000000 0.356539
50  1158.000000 0.341015
51  1158.000000 0.323583
52  1158.000000 0.303076
53  1157.000000 0.467671
54  1157.000000 0.455895
55  1157.000000 0.443667
56  1157.000000 0.430919
57  1157.000000 0.417588
58  1157.000000 0.403582
59  1157.000000 0.388759
60  1157.000000 0.372902
61  1157.000000 0.355699
62  1157.000000 0.336583
63  1157.000000 0.314663
64  1156.000000 0.471525
65  1156.000000 0.457800
66  1156.000000 0.443751
67  1156.000000 0.429186
68  1156.000000 0.414017
69  1156.000000 0.398131
70  1156.000000 0.381336
71  1156.000000 0.363327
72  1156.000000 0.343631
73  1156.000000 0.321505
74  1155.000000 0.474737
75  1155.000000 0.460488
76  1155.000000 0.446225
77  1155.000000 0.431672
78  1155.000000 0.416777
79  1155.000000 0.401475
80  1155.000000 0.385661
81  1155.000000 0.369180
82  1155.000000 0.351781
83  1155.000000 0.333099
84  1155.000000 0.312552
85  1154.000000 0.472382
86  1154.000000 0.461013
87  1154.000000 0.450023
88  1154.000000 0.439368
89  1154.000000 0.429102
90  1154.000000 0.419286
91  1154.000000 0.409994
92  1154.000000 0.401302
93  1154.000000 0.393290
94  1154.000000 0.386049
95  1154.000000 0.379677
96  1154.000000 0.374280
97  1154.000000 0.369954
98  1154.000000 0.366788
99  1154.000000 0.364866
100  1154.000000 0.364215
