Average_position , Time

1157.750000 258.000000

 Positions

1  1160.000000 0.417017
2  1160.000000 0.416902
3  1160.000000 0.416554
4  1160.000000 0.415975
5  1160.000000 0.415161
6  1160.000000 0.414111
7  1160.000000 0.412822
8  1160.000000 0.411291
9  1160.000000 0.409509
10  1160.000000 0.407474
11  1160.000000 0.405183
12  1160.000000 0.402630
13  1160.000000 0.399809
14  1160.000000 0.396706
15  1160.000000 0.393310
16  1160.000000 0.389618
17  1160.000000 0.385613
18  1160.000000 0.381283
19  1160.000000 0.376600
20  1160.000000 0.371536
21  1160.000000 0.366076
22  1160.000000 0.360170
23  1160.000000 0.353762
24  1160.000000 0.346796
25  1160.000000 0.339231
26  1160.000000 0.330940
27  1160.000000 0.321785
28  1160.000000 0.311664
29  1160.000000 0.300056
30  1159.000000 0.472074
31  1159.000000 0.465631
32  1159.000000 0.458882
33  1159.000000 0.451811
34  1159.000000 0.444405
35  1159.000000 0.436642
36  1159.000000 0.428498
37  1159.000000 0.419942
38  1159.000000 0.410940
39  1159.000000 0.401439
40  1159.000000 0.391385
41  1159.000000 0.380695
42  1159.000000 0.369258
43  1159.000000 0.356885
44  1159.000000 0.343370
45  1159.000000 0.328347
46  1159.000000 0.311232
47  1158.000000 0.473459
48  1158.000000 0.463043
49  1158.000000 0.452288
50  1158.000000 0.441086
51  1158.000000 0.429389
52  1158.000000 0.417136
53  1158.000000 0.404248
54  1158.000000 0.390610
55  1158.000000 0.376058
56  1158.000000 0.360343
57  1158.000000 0.343042
58  1158.000000 0.323547
59  1158.000000 0.300219
60  1157.000000 0.464719
61  1157.000000 0.451571
62  1157.000000 0.437937
63  1157.000000 0.423738
64  1157.000000 0.408885
65  1157.000000 0.393242
66  1157.000000 0.376595
67  1157.000000 0.358614
68  1157.000000 0.338755
69  1157.000000 0.316044
70  1156.000000 0.471641
71  1156.000000 0.457407
72  1156.000000 0.442949
73  1156.000000 0.428060
74  1156.000000 0.412662
75  1156.000000 0.396657
76  1156.000000 0.379889
77  1156.000000 0.362075
78  1156.000000 0.342805
79  1156.000000 0.321416
80  1155.000000 0.475619
81  1155.000000 0.462342
82  1155.000000 0.449301
83  1155.000000 0.436267
84  1155.000000 0.423247
85  1155.000000 0.410254
86  1155.000000 0.397298
87  1155.000000 0.384390
88  1155.000000 0.371524
89  1155.000000 0.358698
90  1155.000000 0.345934
91  1155.000000 0.333248
92  1155.000000 0.320725
93  1155.000000 0.308528
94  1154.000000 0.476753
95  1154.000000 0.471676
96  1154.000000 0.467473
97  1154.000000 0.464153
98  1154.000000 0.461753
99  1154.000000 0.460302
100  1154.000000 0.459816
