Average_position , Time

1154.830000 253.000000

 Positions

1  1157.000000 0.433604
2  1157.000000 0.433493
3  1157.000000 0.433158
4  1157.000000 0.432600
5  1157.000000 0.431816
6  1157.000000 0.430804
7  1157.000000 0.429558
8  1157.000000 0.428077
9  1157.000000 0.426363
10  1157.000000 0.424411
11  1157.000000 0.422215
12  1157.000000 0.419772
13  1157.000000 0.417073
14  1157.000000 0.414115
15  1157.000000 0.410889
16  1157.000000 0.407379
17  1157.000000 0.403585
18  1157.000000 0.399499
19  1157.000000 0.395097
20  1157.000000 0.390359
21  1157.000000 0.385265
22  1157.000000 0.379802
23  1157.000000 0.373930
24  1157.000000 0.367605
25  1157.000000 0.360782
26  1157.000000 0.353425
27  1157.000000 0.345436
28  1157.000000 0.336702
29  1157.000000 0.327088
30  1157.000000 0.316470
31  1157.000000 0.304487
32  1156.000000 0.473711
33  1156.000000 0.466775
34  1156.000000 0.459532
35  1156.000000 0.451955
36  1156.000000 0.444028
37  1156.000000 0.435725
38  1156.000000 0.427017
39  1156.000000 0.417868
40  1156.000000 0.408233
41  1156.000000 0.398059
42  1156.000000 0.387275
43  1156.000000 0.375772
44  1156.000000 0.363393
45  1156.000000 0.349923
46  1156.000000 0.335073
47  1156.000000 0.318350
48  1155.000000 0.477123
49  1155.000000 0.466372
50  1155.000000 0.455385
51  1155.000000 0.443955
52  1155.000000 0.432029
53  1155.000000 0.419547
54  1155.000000 0.406427
55  1155.000000 0.392559
56  1155.000000 0.377776
57  1155.000000 0.361808
58  1155.000000 0.344258
59  1155.000000 0.324497
60  1155.000000 0.300868
61  1154.000000 0.464701
62  1154.000000 0.451294
63  1154.000000 0.437395
64  1154.000000 0.422925
65  1154.000000 0.407786
66  1154.000000 0.391828
67  1154.000000 0.374820
68  1154.000000 0.356426
69  1154.000000 0.336046
70  1154.000000 0.312519
71  1153.000000 0.469430
72  1153.000000 0.455057
73  1153.000000 0.440412
74  1153.000000 0.425333
75  1153.000000 0.409743
76  1153.000000 0.393526
77  1153.000000 0.376513
78  1153.000000 0.358415
79  1153.000000 0.338807
80  1153.000000 0.316910
81  1152.000000 0.473069
82  1152.000000 0.459973
83  1152.000000 0.447070
84  1152.000000 0.434216
85  1152.000000 0.421430
86  1152.000000 0.408736
87  1152.000000 0.396153
88  1152.000000 0.383695
89  1152.000000 0.371400
90  1152.000000 0.359298
91  1152.000000 0.347422
92  1152.000000 0.335853
93  1152.000000 0.324685
94  1152.000000 0.314176
95  1152.000000 0.304375
96  1151.000000 0.476411
97  1151.000000 0.473087
98  1151.000000 0.470692
99  1151.000000 0.469242
100  1151.000000 0.468756
