Average_position , Time

1158.350000 259.000000

 Positions

1  1161.000000 0.340768
2  1161.000000 0.340619
3  1161.000000 0.340138
4  1161.000000 0.339356
5  1161.000000 0.338234
6  1161.000000 0.336799
7  1161.000000 0.335006
8  1161.000000 0.332881
9  1161.000000 0.330364
10  1161.000000 0.327431
11  1161.000000 0.324112
12  1161.000000 0.320329
13  1161.000000 0.316102
14  1161.000000 0.311327
15  1161.000000 0.306021
16  1160.000000 0.478368
17  1160.000000 0.475105
18  1160.000000 0.471625
19  1160.000000 0.467905
20  1160.000000 0.463939
21  1160.000000 0.459719
22  1160.000000 0.455239
23  1160.000000 0.450487
24  1160.000000 0.445457
25  1160.000000 0.440140
26  1160.000000 0.434523
27  1160.000000 0.428590
28  1160.000000 0.422325
29  1160.000000 0.415704
30  1160.000000 0.408708
31  1160.000000 0.401309
32  1160.000000 0.393470
33  1160.000000 0.385132
34  1160.000000 0.376246
35  1160.000000 0.366723
36  1160.000000 0.356451
37  1160.000000 0.345299
38  1160.000000 0.332993
39  1160.000000 0.319297
40  1160.000000 0.303564
41  1159.000000 0.471006
42  1159.000000 0.461990
43  1159.000000 0.452605
44  1159.000000 0.442813
45  1159.000000 0.432580
46  1159.000000 0.421865
47  1159.000000 0.410614
48  1159.000000 0.398748
49  1159.000000 0.386159
50  1159.000000 0.372703
51  1159.000000 0.358146
52  1159.000000 0.342161
53  1159.000000 0.324195
54  1159.000000 0.303071
55  1158.000000 0.467225
56  1158.000000 0.455064
57  1158.000000 0.442445
58  1158.000000 0.429296
59  1158.000000 0.415546
60  1158.000000 0.401090
61  1158.000000 0.385772
62  1158.000000 0.369354
63  1158.000000 0.351457
64  1158.000000 0.331497
65  1158.000000 0.308143
66  1157.000000 0.467702
67  1157.000000 0.453780
68  1157.000000 0.439459
69  1157.000000 0.424620
70  1157.000000 0.409174
71  1157.000000 0.392982
72  1157.000000 0.375830
73  1157.000000 0.357405
74  1157.000000 0.337147
75  1157.000000 0.314075
76  1156.000000 0.470636
77  1156.000000 0.456662
78  1156.000000 0.442602
79  1156.000000 0.428308
80  1156.000000 0.413749
81  1156.000000 0.398875
82  1156.000000 0.383600
83  1156.000000 0.367797
84  1156.000000 0.351322
85  1156.000000 0.333865
86  1156.000000 0.315081
87  1155.000000 0.474964
88  1155.000000 0.464715
89  1155.000000 0.455015
90  1155.000000 0.445797
91  1155.000000 0.437126
92  1155.000000 0.429073
93  1155.000000 0.421713
94  1155.000000 0.415120
95  1155.000000 0.409372
96  1155.000000 0.404539
97  1155.000000 0.400692
98  1155.000000 0.397894
99  1155.000000 0.396198
100  1155.000000 0.395628
